F1: 0.00e+00  (0.00e+00): 0.000000e+00 0.000000e+00 0.000000e+00 0.000000e+00 0.000000e+00 0.000000e+00 0.000000e+00 0.000000e+00 0.000000e+00 0.000000e+00 0.000000e+00 0.000000e+00 0.000000e+00 0.000000e+00 0.000000e+00 0.000000e+00 0.000000e+00 0.000000e+00 0.000000e+00 0.000000e+00 0.000000e+00 0.000000e+00 0.000000e+00 0.000000e+00 0.000000e+00 0.000000e+00 0.000000e+00 0.000000e+00 0.000000e+00 0.000000e+00 
F2: 0.00e+00  (0.00e+00): 0.000000e+00 0.000000e+00 0.000000e+00 0.000000e+00 0.000000e+00 0.000000e+00 0.000000e+00 0.000000e+00 0.000000e+00 0.000000e+00 0.000000e+00 0.000000e+00 0.000000e+00 0.000000e+00 0.000000e+00 0.000000e+00 0.000000e+00 0.000000e+00 0.000000e+00 0.000000e+00 0.000000e+00 0.000000e+00 0.000000e+00 0.000000e+00 0.000000e+00 0.000000e+00 0.000000e+00 0.000000e+00 0.000000e+00 0.000000e+00 
F3: 0.00e+00  (0.00e+00): 0.000000e+00 0.000000e+00 0.000000e+00 0.000000e+00 0.000000e+00 0.000000e+00 0.000000e+00 0.000000e+00 0.000000e+00 0.000000e+00 0.000000e+00 0.000000e+00 0.000000e+00 0.000000e+00 0.000000e+00 0.000000e+00 0.000000e+00 0.000000e+00 0.000000e+00 0.000000e+00 0.000000e+00 0.000000e+00 0.000000e+00 0.000000e+00 0.000000e+00 0.000000e+00 0.000000e+00 0.000000e+00 0.000000e+00 0.000000e+00 
F4: 6.67e+00  (1.98e+00): 4.974795e+00 4.974795e+00 1.094454e+01 5.969754e+00 7.959672e+00 8.954626e+00 4.974795e+00 6.964713e+00 7.959672e+00 5.969754e+00 4.974795e+00 7.959667e+00 7.959667e+00 4.974795e+00 4.974795e+00 4.974795e+00 7.959672e+00 4.974795e+00 5.969754e+00 4.974795e+00 9.949580e+00 3.979836e+00 4.974795e+00 8.954626e+00 7.959667e+00 7.959667e+00 9.949586e+00 6.964713e+00 6.964708e+00 2.984877e+00 
F5: 0.00e+00  (0.00e+00): 0.000000e+00 0.000000e+00 0.000000e+00 0.000000e+00 0.000000e+00 0.000000e+00 0.000000e+00 0.000000e+00 0.000000e+00 0.000000e+00 0.000000e+00 0.000000e+00 0.000000e+00 0.000000e+00 0.000000e+00 0.000000e+00 0.000000e+00 0.000000e+00 0.000000e+00 0.000000e+00 0.000000e+00 0.000000e+00 0.000000e+00 0.000000e+00 0.000000e+00 0.000000e+00 0.000000e+00 0.000000e+00 0.000000e+00 0.000000e+00 
F6: 9.24e-02  (9.28e-02): 6.982638e-02 3.037108e-03 1.479354e-02 1.420771e-01 3.428281e-02 1.396610e-02 2.083649e-01 5.463168e-02 7.297799e-03 3.329760e-02 1.384322e-02 1.835601e-01 4.737943e-02 2.975011e-01 1.737605e-02 7.992901e-02 2.445029e-01 2.765792e-02 9.077933e-04 3.335299e-01 2.512090e-01 5.229476e-02 4.877322e-02 6.511690e-02 4.494809e-02 5.069519e-02 1.327590e-01 1.294719e-01 4.788513e-02 1.211493e-01 
F7: 0.00e+00  (0.00e+00): 0.000000e+00 0.000000e+00 0.000000e+00 0.000000e+00 0.000000e+00 0.000000e+00 0.000000e+00 0.000000e+00 0.000000e+00 0.000000e+00 0.000000e+00 0.000000e+00 0.000000e+00 0.000000e+00 0.000000e+00 0.000000e+00 0.000000e+00 0.000000e+00 0.000000e+00 0.000000e+00 0.000000e+00 0.000000e+00 0.000000e+00 0.000000e+00 0.000000e+00 0.000000e+00 0.000000e+00 0.000000e+00 0.000000e+00 0.000000e+00 
F8: 3.08e-02  (1.13e-01): 1.637450e-03 4.131948e-03 8.552349e-03 1.469566e-03 4.833373e-03 2.266011e-02 6.286336e-01 1.002213e-02 2.521168e-03 1.465446e-02 6.334669e-03 4.772632e-03 3.151046e-03 6.382999e-03 2.719099e-03 1.942789e-02 2.594492e-03 3.096553e-03 4.665533e-03 9.638351e-03 3.855274e-03 4.702012e-03 1.855923e-02 1.752041e-02 2.930887e-02 1.979896e-02 9.196953e-03 1.445200e-02 3.115387e-03 4.256276e-02 
F9: 2.29e+02  (0.00e+00): 2.292844e+02 2.292844e+02 2.292844e+02 2.292844e+02 2.292844e+02 2.292844e+02 2.292844e+02 2.292844e+02 2.292844e+02 2.292844e+02 2.292844e+02 2.292844e+02 2.292844e+02 2.292844e+02 2.292844e+02 2.292844e+02 2.292844e+02 2.292844e+02 2.292844e+02 2.292844e+02 2.292844e+02 2.292844e+02 2.292844e+02 2.292844e+02 2.292844e+02 2.292844e+02 2.292844e+02 2.292844e+02 2.292844e+02 2.292844e+02 
F10: 1.09e+01  (3.03e+01): 0.000000e+00 0.000000e+00 0.000000e+00 0.000000e+00 0.000000e+00 0.000000e+00 0.000000e+00 0.000000e+00 3.352731e+00 0.000000e+00 3.352731e+00 0.000000e+00 3.352731e+00 0.000000e+00 0.000000e+00 1.001551e+02 3.352731e+00 0.000000e+00 3.352731e+00 3.352731e+00 1.001324e+02 0.000000e+00 0.000000e+00 0.000000e+00 3.352731e+00 1.001377e+02 0.000000e+00 0.000000e+00 3.352731e+00 0.000000e+00 
F11: 0.00e+00  (0.00e+00): 0.000000e+00 0.000000e+00 0.000000e+00 0.000000e+00 0.000000e+00 0.000000e+00 0.000000e+00 0.000000e+00 0.000000e+00 0.000000e+00 0.000000e+00 0.000000e+00 0.000000e+00 0.000000e+00 0.000000e+00 0.000000e+00 0.000000e+00 0.000000e+00 0.000000e+00 0.000000e+00 0.000000e+00 0.000000e+00 0.000000e+00 0.000000e+00 0.000000e+00 0.000000e+00 0.000000e+00 0.000000e+00 0.000000e+00 0.000000e+00 
F12: 1.59e+02  (1.05e+00): 1.586184e+02 1.614049e+02 1.593687e+02 1.614049e+02 1.614049e+02 1.586184e+02 1.593687e+02 1.586184e+02 1.593687e+02 1.586184e+02 1.593687e+02 1.586184e+02 1.593687e+02 1.593687e+02 1.593687e+02 1.586184e+02 1.614049e+02 1.593687e+02 1.586184e+02 1.593687e+02 1.586184e+02 1.614049e+02 1.593687e+02 1.593687e+02 1.586184e+02 1.586184e+02 1.586184e+02 1.586184e+02 1.586184e+02 1.614049e+02 
