F1: 0.00e+00  (0.00e+00): 0.000000e+00 0.000000e+00 0.000000e+00 0.000000e+00 0.000000e+00 0.000000e+00 0.000000e+00 0.000000e+00 0.000000e+00 0.000000e+00 0.000000e+00 0.000000e+00 0.000000e+00 0.000000e+00 0.000000e+00 0.000000e+00 0.000000e+00 0.000000e+00 0.000000e+00 0.000000e+00 0.000000e+00 0.000000e+00 0.000000e+00 0.000000e+00 0.000000e+00 0.000000e+00 0.000000e+00 0.000000e+00 0.000000e+00 0.000000e+00 
F2: 1.83e-01  (4.21e-01): 1.249138e-01 1.249138e-01 9.368537e-02 1.249138e-01 3.122846e-02 3.122846e-02 3.122846e-02 0.000000e+00 9.368537e-02 3.122846e-02 9.368537e-02 6.245692e-02 1.561423e-01 9.368537e-02 9.368537e-02 1.249138e-01 9.368537e-02 3.122846e-02 9.368537e-02 9.368537e-02 3.122846e-02 6.245692e-02 1.707548e+00 0.000000e+00 3.122846e-02 1.738776e+00 6.245692e-02 1.249138e-01 3.122846e-02 6.245692e-02 
F3: 2.06e+01  (2.24e-01): 2.038722e+01 2.077133e+01 2.127045e+01 2.038722e+01 2.077133e+01 2.038722e+01 2.091095e+01 2.049792e+01 2.049792e+01 2.038722e+01 2.057013e+01 2.077133e+01 2.109359e+01 2.038722e+01 2.038722e+01 2.057013e+01 2.038722e+01 2.071544e+01 2.080024e+01 2.049792e+01 2.056166e+01 2.049792e+01 2.038722e+01 2.049792e+01 2.060474e+01 2.060474e+01 2.071544e+01 2.060474e+01 2.038722e+01 2.038722e+01 
F4: 4.22e-01  (1.44e-01): 4.771537e-01 4.813740e-01 1.802764e-01 4.738967e-01 2.014476e-01 3.351391e-01 4.189040e-01 5.653561e-01 5.685664e-01 4.033790e-01 3.231150e-01 3.356655e-01 5.207435e-01 4.620396e-01 6.197574e-01 2.939235e-01 5.732820e-01 6.355034e-01 3.888004e-01 2.972511e-01 4.476142e-01 4.044838e-01 4.321237e-01 5.483890e-01 5.990579e-01 6.200258e-01 4.716755e-01 9.907583e-02 2.397218e-01 2.317613e-01 
F5: 3.30e+01  (5.89e+01): 1.307215e+00 5.691300e+00 8.676178e+00 2.509388e+01 8.884348e+00 7.681219e+00 2.094003e+00 1.276009e+01 1.307215e+00 2.170475e+01 2.499041e+02 8.780263e+00 7.172879e+00 2.280380e+01 1.224894e+02 1.099044e+00 5.287051e+00 2.468962e+01 6.894430e+00 1.989918e+00 1.203130e+00 5.899471e+00 6.686260e+00 1.872984e+01 5.795386e+00 1.355336e+02 6.790345e+00 1.300994e+02 1.308159e+02 1.307215e+00 
F6: 1.34e-01  (6.13e-02): 2.241773e-01 2.030052e-01 6.715616e-02 1.209899e-01 8.158152e-02 2.058671e-01 9.197677e-02 2.292734e-01 1.402304e-01 9.246453e-02 6.062049e-02 1.607096e-01 1.255822e-01 1.638049e-01 5.175366e-02 1.443201e-01 1.888646e-01 5.871771e-02 2.178782e-01 2.324922e-01 8.716746e-02 1.221265e-01 8.997637e-02 1.636433e-01 8.141600e-03 2.111215e-01 8.706967e-02 1.453486e-01 8.835071e-02 1.474040e-01 
F7: 4.21e+00  (4.08e+00): 8.603728e+00 8.898578e+00 8.829922e+00 4.645405e-01 8.712724e+00 6.159571e-01 8.523146e+00 3.208094e-01 8.619898e-01 4.460718e-01 8.636370e-01 8.451115e+00 8.876174e+00 8.849581e+00 8.911754e+00 4.546312e-01 4.045159e-01 3.744874e-01 5.935087e-01 5.060722e-01 8.512820e+00 9.006520e+00 4.068591e-01 4.179068e+00 8.834156e+00 8.601155e+00 5.120992e-01 5.255480e-01 6.120940e-01 5.625235e-01 
F8: 7.42e+01  (1.97e+01): 1.000000e+02 7.231871e+01 1.000000e+02 1.000000e+02 5.155957e+01 6.451320e+01 5.201441e+01 1.000000e+02 1.000000e+02 4.431472e+01 6.222401e+01 5.646018e+01 1.000000e+02 7.973887e+01 6.226208e+01 6.210798e+01 5.169095e+01 6.505842e+01 4.552117e+01 8.100847e+01 7.694137e+01 8.358153e+01 5.863468e+01 6.499684e+01 1.000000e+02 5.190434e+01 1.000000e+02 1.000000e+02 7.509341e+01 6.359956e+01 
F9: 1.00e+02  (8.30e-14): 1.000000e+02 1.000000e+02 1.000000e+02 1.000000e+02 1.000000e+02 1.000000e+02 1.000000e+02 1.000000e+02 1.000000e+02 1.000000e+02 1.000000e+02 1.000000e+02 1.000000e+02 1.000000e+02 1.000000e+02 1.000000e+02 1.000000e+02 1.000000e+02 1.000000e+02 1.000000e+02 1.000000e+02 1.000000e+02 1.000000e+02 1.000000e+02 1.000000e+02 1.000000e+02 1.000000e+02 1.000000e+02 1.000000e+02 1.000000e+02 
F10: 3.99e+02  (6.73e-01): 3.990934e+02 3.990414e+02 3.991421e+02 3.990934e+02 3.990742e+02 3.991396e+02 3.990414e+02 3.990414e+02 3.990709e+02 3.990506e+02 3.991421e+02 3.991396e+02 3.990414e+02 3.990414e+02 3.990950e+02 3.990665e+02 3.990414e+02 3.990414e+02 3.991421e+02 3.990414e+02 3.990414e+02 3.990414e+02 3.990859e+02 4.017335e+02 3.991391e+02 3.990414e+02 3.991217e+02 3.990414e+02 3.990934e+02 4.017160e+02 
