F1: 0.00e+00  (0.00e+00): 0.000000e+00 0.000000e+00 0.000000e+00 0.000000e+00 0.000000e+00 0.000000e+00 0.000000e+00 0.000000e+00 0.000000e+00 0.000000e+00 0.000000e+00 0.000000e+00 0.000000e+00 0.000000e+00 0.000000e+00 0.000000e+00 0.000000e+00 0.000000e+00 0.000000e+00 0.000000e+00 0.000000e+00 0.000000e+00 0.000000e+00 0.000000e+00 0.000000e+00 0.000000e+00 0.000000e+00 0.000000e+00 0.000000e+00 0.000000e+00 
F2: 3.16e+01  (2.07e+01): 0.000000e+00 4.489547e+01 0.000000e+00 0.000000e+00 4.489547e+01 4.489547e+01 4.489547e+01 4.489547e+01 4.489547e+01 4.489547e+01 4.030260e+00 4.489547e+01 4.489547e+01 4.489547e+01 0.000000e+00 4.489547e+01 4.489547e+01 4.489547e+01 4.489547e+01 0.000000e+00 0.000000e+00 4.489547e+01 0.000000e+00 4.489547e+01 4.489547e+01 4.489547e+01 4.489547e+01 4.489547e+01 0.000000e+00 4.489547e+01 
F3: 0.00e+00  (0.00e+00): 0.000000e+00 0.000000e+00 0.000000e+00 0.000000e+00 0.000000e+00 0.000000e+00 0.000000e+00 0.000000e+00 0.000000e+00 0.000000e+00 0.000000e+00 0.000000e+00 0.000000e+00 0.000000e+00 0.000000e+00 0.000000e+00 0.000000e+00 0.000000e+00 0.000000e+00 0.000000e+00 0.000000e+00 0.000000e+00 0.000000e+00 0.000000e+00 0.000000e+00 0.000000e+00 0.000000e+00 0.000000e+00 0.000000e+00 0.000000e+00 
F4: 3.64e+01  (1.20e+01): 4.576801e+01 2.984873e+01 2.586889e+01 5.074276e+01 4.477311e+01 4.178822e+01 2.984873e+01 4.576803e+01 3.084366e+01 6.865192e+01 3.183865e+01 5.372763e+01 3.780839e+01 2.288404e+01 2.089413e+01 2.188908e+01 2.188908e+01 3.382856e+01 5.372763e+01 1.790926e+01 3.979830e+01 3.979829e+01 1.591933e+01 3.780839e+01 3.183864e+01 3.880327e+01 4.676293e+01 3.979830e+01 3.084371e+01 3.979829e+01 
F5: 0.00e+00  (0.00e+00): 0.000000e+00 0.000000e+00 0.000000e+00 0.000000e+00 0.000000e+00 0.000000e+00 0.000000e+00 0.000000e+00 0.000000e+00 0.000000e+00 0.000000e+00 0.000000e+00 0.000000e+00 0.000000e+00 0.000000e+00 0.000000e+00 0.000000e+00 0.000000e+00 0.000000e+00 0.000000e+00 0.000000e+00 0.000000e+00 0.000000e+00 0.000000e+00 0.000000e+00 0.000000e+00 0.000000e+00 0.000000e+00 0.000000e+00 0.000000e+00 
F6: 9.43e-01  (7.28e-01): 3.084710e-01 1.371507e+00 2.194960e+00 4.086514e-01 2.832853e-01 2.980009e-01 3.493158e-01 1.358782e+00 3.987386e-01 1.409910e+00 4.478358e-01 1.456747e+00 3.017811e-01 2.282238e+00 1.338614e+00 1.353757e+00 3.410097e-01 1.703174e-01 4.913020e-01 2.874873e-01 1.298423e+00 3.525240e-01 1.363392e+00 1.232696e+00 2.406191e+00 2.972015e-01 3.348493e-01 1.270606e+00 2.473397e+00 4.038219e-01 
F7: 1.55e+00  (8.60e-01): 9.949591e-01 2.302091e+00 2.984877e+00 1.307132e+00 1.307132e+00 9.949591e-01 2.302091e+00 9.949591e-01 3.121733e-01 3.121733e-01 9.949591e-01 2.984877e+00 9.949591e-01 1.989918e+00 2.302091e+00 3.297050e+00 9.949591e-01 2.302091e+00 3.121733e-01 0.000000e+00 1.619306e+00 1.307132e+00 2.614265e+00 9.949591e-01 2.302091e+00 1.989918e+00 1.989918e+00 1.307132e+00 1.378653e+00 9.949591e-01 
F8: 7.99e+00  (9.26e+00): 5.296627e-01 2.017031e+01 2.007668e+01 8.841321e-01 2.011620e+01 7.891901e-01 1.833410e-01 1.607290e+01 2.034989e+01 7.337958e-01 3.988794e-01 5.819741e-01 1.813830e-01 4.492734e-01 2.024911e+01 2.897704e-01 1.229794e+01 1.893273e+01 6.802500e-01 3.622157e-01 1.834003e+01 3.823158e-01 2.061811e+01 2.015626e+01 2.015065e+01 2.213116e-01 4.402334e-01 5.591862e-01 8.886670e-01 3.532908e+00 
F9: 1.81e+02  (8.67e-14): 1.807813e+02 1.807813e+02 1.807813e+02 1.807813e+02 1.807813e+02 1.807813e+02 1.807813e+02 1.807813e+02 1.807813e+02 1.807813e+02 1.807813e+02 1.807813e+02 1.807813e+02 1.807813e+02 1.807813e+02 1.807813e+02 1.807813e+02 1.807813e+02 1.807813e+02 1.807813e+02 1.807813e+02 1.807813e+02 1.807813e+02 1.807813e+02 1.807813e+02 1.807813e+02 1.807813e+02 1.807813e+02 1.807813e+02 1.807813e+02 
F10: 0.00e+00  (0.00e+00): 0.000000e+00 0.000000e+00 0.000000e+00 0.000000e+00 0.000000e+00 0.000000e+00 0.000000e+00 0.000000e+00 0.000000e+00 0.000000e+00 0.000000e+00 0.000000e+00 0.000000e+00 0.000000e+00 0.000000e+00 0.000000e+00 0.000000e+00 0.000000e+00 0.000000e+00 0.000000e+00 0.000000e+00 0.000000e+00 0.000000e+00 0.000000e+00 0.000000e+00 0.000000e+00 0.000000e+00 0.000000e+00 0.000000e+00 0.000000e+00 
F11: 1.90e+02  (1.47e+02): 0.000000e+00 3.000000e+02 3.000000e+02 0.000000e+00 3.000000e+02 0.000000e+00 3.000000e+02 0.000000e+00 3.000000e+02 3.000000e+02 3.000000e+02 3.000000e+02 3.000000e+02 3.000000e+02 3.000000e+02 0.000000e+00 0.000000e+00 3.000000e+02 3.000000e+02 3.000000e+02 0.000000e+00 0.000000e+00 3.000000e+02 3.000000e+02 0.000000e+00 3.000000e+02 3.000000e+02 3.000000e+02 0.000000e+00 0.000000e+00 
F12: 2.32e+02  (1.59e+00): 2.319053e+02 2.302810e+02 2.312231e+02 2.318480e+02 2.335758e+02 2.313817e+02 2.311697e+02 2.297174e+02 2.339369e+02 2.311332e+02 2.296580e+02 2.306575e+02 2.313871e+02 2.312951e+02 2.351839e+02 2.319331e+02 2.308107e+02 2.306148e+02 2.336582e+02 2.316343e+02 2.286422e+02 2.329039e+02 2.325139e+02 2.327592e+02 2.328708e+02 2.313871e+02 2.318486e+02 2.318640e+02 2.354268e+02 2.344927e+02 
