F1: 0.00e+00  (0.00e+00): 0.000000e+00 0.000000e+00 0.000000e+00 0.000000e+00 0.000000e+00 0.000000e+00 0.000000e+00 0.000000e+00 0.000000e+00 0.000000e+00 0.000000e+00 0.000000e+00 0.000000e+00 0.000000e+00 0.000000e+00 0.000000e+00 0.000000e+00 0.000000e+00 0.000000e+00 0.000000e+00 0.000000e+00 0.000000e+00 0.000000e+00 0.000000e+00 0.000000e+00 0.000000e+00 0.000000e+00 0.000000e+00 0.000000e+00 0.000000e+00 
F2: 2.37e+00  (2.22e+00): 3.747266e-01 3.664778e+00 2.498178e-01 3.477415e+00 3.664778e+00 1.873633e-01 3.664778e+00 3.122722e-01 2.498178e-01 3.664778e+00 6.245444e-02 6.829921e+00 2.498178e-01 3.747266e-01 6.892376e+00 3.539870e+00 1.873633e-01 3.664778e+00 3.664778e+00 3.747266e-01 1.873633e-01 3.747266e-01 3.664778e+00 7.017285e+00 3.477415e+00 3.477415e+00 3.747266e-01 3.602324e+00 1.873633e-01 3.477415e+00 
F3: 1.16e+01  (5.90e-01): 1.149680e+01 1.111183e+01 1.132054e+01 1.163904e+01 1.221738e+01 1.036692e+01 1.129247e+01 1.238321e+01 1.104363e+01 1.238543e+01 1.145131e+01 1.214564e+01 1.249944e+01 1.158304e+01 1.131413e+01 1.132054e+01 1.123279e+01 1.259227e+01 1.250410e+01 1.199806e+01 1.152516e+01 1.190931e+01 1.226867e+01 1.148624e+01 1.156758e+01 1.195017e+01 1.111183e+01 1.096920e+01 1.036692e+01 1.148259e+01 
F4: 2.22e-02  (3.50e-02): 2.961159e-02 9.876901e-03 0.000000e+00 0.000000e+00 0.000000e+00 1.975814e-02 0.000000e+00 0.000000e+00 0.000000e+00 9.876901e-03 4.941377e-02 9.876901e-03 1.386736e-01 9.876901e-03 0.000000e+00 0.000000e+00 5.925992e-02 9.949131e-02 9.876901e-03 1.975814e-02 0.000000e+00 9.876901e-03 0.000000e+00 9.876901e-03 1.004934e-01 9.876901e-03 0.000000e+00 9.876901e-03 4.962166e-02 9.876901e-03 
F5: 4.13e-01  (3.53e-01): 4.162860e-01 2.081430e-01 4.162860e-01 6.244290e-01 6.244290e-01 4.162860e-01 0.000000e+00 1.619388e+00 4.162860e-01 0.000000e+00 4.162860e-01 1.411245e+00 6.244290e-01 2.081430e-01 4.162860e-01 2.081430e-01 6.244290e-01 0.000000e+00 2.081430e-01 2.081430e-01 2.081430e-01 4.162860e-01 4.162860e-01 6.244290e-01 2.081430e-01 2.081430e-01 4.162860e-01 2.081430e-01 4.162860e-01 2.081430e-01 
F6: 4.39e-02  (5.25e-02): 4.465748e-02 2.597451e-02 2.843286e-02 2.611606e-02 2.235625e-02 2.049014e-02 1.958148e-02 2.038200e-02 3.141791e-02 2.431370e-02 7.774286e-02 2.226313e-02 2.117985e-01 3.568504e-02 2.353438e-02 1.992492e-02 3.909406e-02 2.410921e-02 2.069865e-02 4.489933e-02 2.336990e-02 2.269497e-02 3.190788e-02 7.744266e-02 2.402294e-01 2.593343e-02 6.840889e-02 1.944016e-02 2.132463e-03 2.079723e-02 
F7: 7.92e-03  (3.95e-02): 0.000000e+00 2.341140e-05 6.427973e-05 3.810385e-05 1.238600e-04 3.671677e-03 9.507047e-04 8.205403e-04 2.042757e-04 1.195634e-03 6.557258e-04 2.065132e-03 4.405183e-05 2.172403e-01 3.509075e-04 6.023272e-04 3.846944e-05 3.387822e-03 2.805311e-06 8.848242e-06 4.384069e-04 2.956243e-04 8.785185e-04 5.874316e-05 4.172229e-04 3.753335e-05 1.235282e-04 6.144783e-04 3.095753e-03 2.931292e-05 
F8: 5.29e+00  (9.44e+00): 0.000000e+00 1.156306e+01 0.000000e+00 0.000000e+00 3.709644e+01 0.000000e+00 0.000000e+00 0.000000e+00 0.000000e+00 0.000000e+00 1.156306e+01 0.000000e+00 2.519420e+01 0.000000e+00 1.991145e+01 0.000000e+00 0.000000e+00 1.156306e+01 0.000000e+00 0.000000e+00 0.000000e+00 0.000000e+00 1.156306e+01 1.156306e+01 0.000000e+00 0.000000e+00 0.000000e+00 1.872329e+01 0.000000e+00 0.000000e+00 
F9: 6.53e+01  (4.69e+01): 3.547387e-04 1.744518e-05 3.267236e+01 1.000000e+02 0.000000e+00 1.000000e+02 9.998717e-05 1.000000e+02 1.000000e+02 1.000000e+02 1.000000e+02 1.346610e-04 1.000000e+02 1.000000e+02 0.000000e+00 1.000000e+02 1.000000e+02 2.674996e+01 1.000000e+02 0.000000e+00 1.000000e+02 1.000000e+02 1.000000e+02 1.000000e+02 1.000000e+02 1.000000e+02 0.000000e+00 0.000000e+00 1.000000e+02 1.000000e+02 
F10: 3.58e+02  (1.03e+02): 3.977429e+02 1.000004e+02 1.000002e+02 3.977429e+02 3.977429e+02 3.977429e+02 3.977429e+02 3.977429e+02 3.977429e+02 3.977429e+02 3.977429e+02 3.977429e+02 3.977429e+02 3.977429e+02 3.977429e+02 3.977429e+02 3.977429e+02 3.977429e+02 3.977429e+02 3.977429e+02 3.977429e+02 1.000001e+02 3.977429e+02 3.977429e+02 3.977429e+02 3.977429e+02 3.977429e+02 3.977429e+02 1.000014e+02 3.977429e+02 
