   1.1152110e+03   7.1473554e+02   7.8891856e+02   1.2774420e+03   5.8091552e+02   7.6199036e+02   7.3575818e+02   1.2834669e+03   1.0438041e+03   7.9010277e+02   4.2589142e+02   1.3623889e+03   5.6705953e+02   8.5023365e+02   8.6219498e+02   1.3446010e+03   7.6033666e+02   5.6877845e+02   6.3817801e+02   9.1783188e+02   8.1191251e+02   1.3809661e+03   1.0906041e+03   1.0426908e+03   5.1886743e+02   8.7385166e+02   8.7128592e+02   1.2118226e+03   1.1439920e+03   3.0553895e+02
   1.0779002e+03   6.6119355e+02   7.8891856e+02   1.0350632e+03   5.8075066e+02   7.6199036e+02   7.3575818e+02   1.2675603e+03   1.0438041e+03   5.8517788e+02   4.2589142e+02   1.3623889e+03   5.6705953e+02   8.5023365e+02   7.6932883e+02   1.2924391e+03   7.5628265e+02   5.6877845e+02   6.3817801e+02   9.1783188e+02   6.1455290e+02   4.6197947e+02   9.0991538e+02   1.0332729e+03   5.0312841e+02   8.6345968e+02   7.8210160e+02   1.2118226e+03   1.1439920e+03   3.0553895e+02
   9.3908032e+02   5.0292405e+02   5.5870181e+02   9.9049991e+02   5.8074231e+02   6.5076370e+02   4.8249893e+02   1.1061630e+03   7.2197103e+02   5.8517788e+02   4.2589142e+02   8.4888589e+02   5.6705953e+02   8.0546646e+02   7.6932883e+02   5.1050525e+02   7.1953392e+02   4.0581696e+02   5.8260788e+02   7.1261375e+02   4.8934008e+02   4.2942666e+02   9.0991538e+02   8.2610966e+02   5.0312841e+02   8.6345968e+02   7.8210160e+02   5.8190064e+02   7.6328637e+02   3.0553895e+02
   6.2306597e+02   4.6818055e+02   5.3452800e+02   7.6098714e+02   5.8074231e+02   5.8713998e+02   3.4208967e+02   7.0388028e+02   6.1495607e+02   3.9921118e+02   4.2589142e+02   4.5232532e+02   5.6705953e+02   7.6670904e+02   5.8398013e+02   4.4503817e+02   6.4336030e+02   4.0581696e+02   4.7781353e+02   7.1261375e+02   3.1765878e+02   3.9691247e+02   8.7275030e+02   4.7625510e+02   5.0312841e+02   8.6345968e+02   7.8210160e+02   5.8190064e+02   7.6328637e+02   2.8394092e+02
   2.8026805e+02   3.7374583e+02   4.9777041e+02   4.2686075e+02   3.0893031e+02   4.7641383e+02   3.2627772e+02   2.8004933e+02   2.9541731e+02   3.9921118e+02   4.2589142e+02   2.4033185e+02   4.7508930e+02   6.3649575e+02   4.3462284e+02   4.0267537e+02   4.9792834e+02   2.5267250e+02   3.5848958e+02   4.2322247e+02   3.1521663e+02   2.5785719e+02   4.9383316e+02   4.5124226e+02   4.0659101e+02   4.4500368e+02   6.6592944e+02   4.5710223e+02   4.1472980e+02   2.6344887e+02
   2.2572839e+02   2.9721769e+02   3.1611604e+02   3.6557409e+02   2.5479654e+02   2.8483412e+02   2.7657307e+02   2.7162717e+02   2.6780993e+02   2.8177272e+02   3.3511770e+02   2.3428187e+02   3.4376461e+02   4.7381216e+02   2.7852360e+02   2.2883484e+02   4.0406097e+02   2.5079890e+02   3.5583432e+02   2.6513885e+02   1.9752404e+02   2.1381661e+02   4.0178975e+02   3.3726759e+02   2.5989185e+02   3.0988888e+02   2.1874981e+02   4.0762241e+02   3.2188202e+02   2.4729694e+02
   2.2130661e+02   2.4582339e+02   2.3856160e+02   2.2510173e+02   2.2422493e+02   2.0521740e+02   2.1457791e+02   2.1292707e+02   2.1234788e+02   2.3511165e+02   2.0865549e+02   2.1847670e+02   1.9677503e+02   2.2622689e+02   1.7310886e+02   1.9970705e+02   2.1892081e+02   2.0927174e+02   2.2313948e+02   2.0824053e+02   1.8404069e+02   1.8821526e+02   2.4521228e+02   2.3553235e+02   1.9045847e+02   2.3435239e+02   2.1608981e+02   2.1867217e+02   2.2022676e+02   1.7380998e+02
   1.8736140e+02   1.7300055e+02   1.7646664e+02   1.8023248e+02   1.7255323e+02   1.7129472e+02   1.6606520e+02   1.9285452e+02   1.6920090e+02   1.6989525e+02   1.7663870e+02   1.6772275e+02   1.7773378e+02   1.7279225e+02   1.6604453e+02   1.6635545e+02   1.6559554e+02   1.6793731e+02   1.6928246e+02   1.7031283e+02   1.4660304e+02   1.6390356e+02   1.6646904e+02   1.8354670e+02   1.7291021e+02   1.8684123e+02   1.7489565e+02   1.6523801e+02   1.8060060e+02   1.7068774e+02
   1.4523146e+02   1.5398706e+02   1.5714658e+02   1.5195890e+02   1.4914658e+02   1.6278125e+02   1.5993829e+02   1.4060378e+02   1.4821480e+02   1.5615147e+02   1.5548025e+02   1.2796173e+02   1.5168690e+02   1.5206350e+02   1.5874299e+02   1.4701560e+02   1.4987008e+02   1.0315577e+02   1.5326555e+02   1.5723473e+02   1.3725689e+02   1.5579704e+02   1.5616509e+02   1.5931622e+02   1.5428418e+02   1.4742109e+02   1.5813111e+02   1.5888697e+02   1.5746744e+02   1.4687533e+02
   1.0895583e+02   1.3637323e+02   1.2746643e+02   1.3377538e+02   1.1543687e+02   1.2814823e+02   1.4378613e+02   1.1008192e+02   1.2295000e+02   1.4512529e+02   1.1572035e+02   8.9970893e+01   1.2133625e+02   1.1015718e+02   1.2428660e+02   1.1773890e+02   1.1795434e+02   9.7553092e+01   1.2674655e+02   9.4142734e+01   1.0863939e+02   1.1573945e+02   1.2376035e+02   1.3109505e+02   1.2742415e+02   1.3164639e+02   1.1402018e+02   1.2894441e+02   1.2231772e+02   1.2054762e+02
   8.2249564e+01   6.5221230e+01   5.1958104e+01   9.7418399e+01   7.3757502e+01   9.2617750e+01   9.6920231e+01   8.3211109e+01   6.3089700e+01   9.3891116e+01   9.7148165e+01   3.3371948e+01   1.0129696e+02   5.4904657e+01   6.4379068e+01   8.4051163e+01   6.6429401e+01   5.9799859e+01   9.5650105e+01   7.1040512e+01   5.6188925e+01   7.4592205e+01   6.6869170e+01   9.4211779e+01   7.4118880e+01   7.0812678e+01   8.3604254e+01   9.9685149e+01   7.7604562e+01   7.4471177e+01
   2.1435420e+01   2.4838148e+01   3.6838609e+01   2.7218622e+01   2.4022566e+01   2.9799827e+01   4.4752088e+01   2.8594038e+01   3.2946085e+01   3.8763129e+01   3.2551701e+01   1.9643428e+01   3.4818129e+01   2.7955473e+01   4.5940213e+01   3.9191547e+01   2.8707453e+01   3.1687500e+01   3.0424584e+01   1.7979223e+01   2.6137483e+01   2.7195263e+01   3.6505063e+01   2.9268520e+01   2.6084161e+01   3.8199752e+01   2.9448413e+01   5.5334285e+01   3.0412386e+01   2.6246633e+01
   2.5386847e-01   2.0026924e-02   3.4735398e-01   3.5988402e-01   6.4757799e-01   1.3318895e-01   2.0844468e-01   2.0049933e+00   1.3137182e+00   3.4147470e+00   3.7008849e-01   5.4719284e-02   8.5352393e-01   5.3481422e-01   1.9581858e-01   3.5775794e-01   9.0236603e-01   4.3884588e-01   9.2472428e-01   4.8804983e-02   2.5876709e+00   2.4303007e+00   3.2237497e+00   1.1406899e+00   4.5857935e-02   2.8880622e-01   3.5659561e-01   1.8238643e+00   8.8502947e-01   5.3502709e-02
   0.0000000e+00   0.0000000e+00   0.0000000e+00   0.0000000e+00   1.8419996e-08   0.0000000e+00   0.0000000e+00   4.0737632e-08   3.6759502e-08   6.8321697e-08   0.0000000e+00   0.0000000e+00   2.0572315e-08   0.0000000e+00   0.0000000e+00   0.0000000e+00   1.6345894e-08   0.0000000e+00   2.3104349e-08   0.0000000e+00   2.3553002e-07   1.1593465e-07   9.7616112e-07   5.8593741e-08   0.0000000e+00   0.0000000e+00   1.0844815e-08   5.5368218e-08   1.7538696e-08   0.0000000e+00
   0.0000000e+00   0.0000000e+00   0.0000000e+00   0.0000000e+00   0.0000000e+00   0.0000000e+00   0.0000000e+00   0.0000000e+00   0.0000000e+00   0.0000000e+00   0.0000000e+00   0.0000000e+00   0.0000000e+00   0.0000000e+00   0.0000000e+00   0.0000000e+00   0.0000000e+00   0.0000000e+00   0.0000000e+00   0.0000000e+00   0.0000000e+00   0.0000000e+00   0.0000000e+00   0.0000000e+00   0.0000000e+00   0.0000000e+00   0.0000000e+00   0.0000000e+00   0.0000000e+00   0.0000000e+00
   0.0000000e+00   0.0000000e+00   0.0000000e+00   0.0000000e+00   0.0000000e+00   0.0000000e+00   0.0000000e+00   0.0000000e+00   0.0000000e+00   0.0000000e+00   0.0000000e+00   0.0000000e+00   0.0000000e+00   0.0000000e+00   0.0000000e+00   0.0000000e+00   0.0000000e+00   0.0000000e+00   0.0000000e+00   0.0000000e+00   0.0000000e+00   0.0000000e+00   0.0000000e+00   0.0000000e+00   0.0000000e+00   0.0000000e+00   0.0000000e+00   0.0000000e+00   0.0000000e+00   0.0000000e+00
