   7.2188173e+06   9.8477812e+06   6.4766244e+06   7.7678866e+06   2.1036877e+06   2.7870105e+06   2.6382024e+06   2.4011543e+06   6.2965845e+06   5.2859370e+05   3.2647649e+06   7.0798825e+06   1.3701834e+07   3.9229567e+06   2.9590558e+06   6.2249909e+06   4.2480261e+06   3.0903779e+06   3.0920845e+06   9.3076640e+06   7.7694946e+06   6.4586668e+06   3.5916195e+06   7.1562467e+06   5.9151319e+06   5.1259282e+06   1.0442995e+06   4.7136756e+06   4.2576363e+06   3.7000114e+06
   7.2188173e+06   9.8477812e+06   6.4766244e+06   7.7678866e+06   2.1036877e+06   2.7870105e+06   2.6382024e+06   2.4011543e+06   6.2965845e+06   5.2859370e+05   3.2647649e+06   7.0798825e+06   1.3701834e+07   3.9229567e+06   2.9590558e+06   6.2249909e+06   4.2480261e+06   3.0903779e+06   3.0920845e+06   9.3076640e+06   7.7694946e+06   6.4586668e+06   3.5916195e+06   7.1562467e+06   5.9151319e+06   5.1259282e+06   1.0442995e+06   4.7136756e+06   4.2576363e+06   3.7000114e+06
   7.2188173e+06   9.8477812e+06   6.4766244e+06   7.7678866e+06   2.1036877e+06   2.7870105e+06   2.6382024e+06   2.4011543e+06   6.2965845e+06   5.2859370e+05   3.2647649e+06   7.0798825e+06   1.3701834e+07   3.9229567e+06   2.9590558e+06   6.2249909e+06   4.2480261e+06   3.0903779e+06   3.0920845e+06   9.3076640e+06   7.7694946e+06   6.4586668e+06   3.5916195e+06   7.1562467e+06   5.9151319e+06   5.1259282e+06   1.0442995e+06   4.7136756e+06   4.2576363e+06   3.7000114e+06
   7.2188173e+06   9.8477812e+06   6.4766244e+06   7.7678866e+06   2.1036877e+06   2.7870105e+06   2.6382024e+06   2.4011543e+06   6.2965845e+06   5.2859370e+05   3.2647649e+06   7.0798825e+06   1.3701834e+07   3.9229567e+06   2.9590558e+06   6.2249909e+06   4.2480261e+06   3.0903779e+06   3.0920845e+06   9.3076640e+06   7.7694946e+06   6.4586668e+06   3.5916195e+06   7.1562467e+06   5.9151319e+06   5.1259282e+06   1.0442995e+06   4.7136756e+06   4.2576363e+06   3.7000114e+06
   7.2188173e+06   9.8477812e+06   6.4766244e+06   7.7678866e+06   2.1036877e+06   2.7870105e+06   2.6382024e+06   2.4011543e+06   6.2965845e+06   5.2859370e+05   3.2647649e+06   7.0798825e+06   1.3701834e+07   3.9229567e+06   2.9590558e+06   6.2249909e+06   4.2480261e+06   3.0903779e+06   3.0920845e+06   9.3076640e+06   7.7694946e+06   6.4586668e+06   3.5916195e+06   7.1562467e+06   5.9151319e+06   5.1259282e+06   1.0442995e+06   4.7136756e+06   4.2576363e+06   3.7000114e+06
   7.2188173e+06   9.8477812e+06   6.4766244e+06   7.7678866e+06   2.1036877e+06   2.7870105e+06   2.6382024e+06   2.4011543e+06   6.2965845e+06   5.2859370e+05   3.2647649e+06   7.0798825e+06   1.3701834e+07   3.9229567e+06   2.9590558e+06   6.2249909e+06   4.2480261e+06   3.0903779e+06   3.0920845e+06   9.3076640e+06   7.7694946e+06   6.4586668e+06   3.5916195e+06   7.1562467e+06   5.9151319e+06   5.1259282e+06   1.0442995e+06   4.7136756e+06   4.2576363e+06   3.7000114e+06
   7.2188173e+06   9.8477812e+06   6.4766244e+06   7.7678866e+06   2.1036877e+06   2.7870105e+06   2.6382024e+06   2.4011543e+06   6.2965845e+06   5.2859370e+05   3.2647649e+06   7.0798825e+06   1.3701834e+07   3.9229567e+06   2.9590558e+06   6.2249909e+06   4.2480261e+06   3.0903779e+06   3.0920845e+06   9.3076640e+06   7.7694946e+06   6.4586668e+06   3.5916195e+06   7.1562467e+06   5.9151319e+06   5.1259282e+06   1.0442995e+06   4.7136756e+06   4.2576363e+06   3.7000114e+06
   4.5192576e+06   4.2815040e+06   6.4766244e+06   7.0555590e+06   2.1036877e+06   2.7870105e+06   2.6382024e+06   2.4011543e+06   6.2965845e+06   5.2859370e+05   3.2647649e+06   2.8148489e+06   7.7291270e+06   2.9705275e+06   2.9590558e+06   6.2249909e+06   3.4943056e+06   3.0903779e+06   3.0920845e+06   9.0350312e+06   4.1032729e+06   1.7357371e+06   1.6508337e+06   7.1562467e+06   5.9151319e+06   1.1662348e+06   1.0442995e+06   4.1047172e+06   1.2127581e+06   3.7000114e+06
   4.5192576e+06   2.0119417e+06   6.4766244e+06   7.0555590e+06   2.1036877e+06   2.7870105e+06   2.6382024e+06   2.4011543e+06   2.4741031e+06   5.2859370e+05   1.7496610e+06   2.8148489e+06   7.7291270e+06   2.9705275e+06   2.9590558e+06   6.2249909e+06   3.2274270e+06   1.4669988e+06   3.0920845e+06   9.0350312e+06   9.8525456e+05   1.7357371e+06   1.6508337e+06   7.1562467e+06   1.6964614e+06   1.1662348e+06   1.0442995e+06   4.1047172e+06   1.2127581e+06   2.3681993e+06
   3.7193250e+06   2.0119417e+06   2.5213112e+06   2.0827732e+06   2.1036877e+06   1.4154399e+06   5.9729302e+05   8.5880239e+05   2.4741031e+06   5.2859370e+05   7.1941404e+05   5.2345090e+05   5.9627720e+05   2.3442421e+06   2.9590558e+06   2.5463310e+05   2.7541614e+05   1.4669988e+06   3.0920845e+06   3.0211508e+06   9.8525456e+05   1.6453474e+06   1.6508337e+06   2.4436320e+06   1.6964614e+06   1.1662348e+06   1.0442995e+06   3.8146971e+06   1.2127581e+06   2.3681993e+06
   3.7193250e+06   1.3968142e+06   8.7432625e+05   2.0827732e+06   2.1036877e+06   1.4154399e+06   3.8564102e+05   3.8825110e+05   2.0449585e+06   5.2859370e+05   7.1941404e+05   5.2345090e+05   5.9627720e+05   1.2897352e+06   2.4548351e+06   2.5463310e+05   2.7541614e+05   1.4669988e+06   3.0920845e+06   2.8213011e+06   3.0165044e+05   1.6453474e+06   1.6508337e+06   8.6891444e+05   1.6964614e+06   7.5106142e+05   1.0442995e+06   7.6202339e+05   1.1593726e+06   6.0549506e+05
   3.4582198e+06   1.0183776e+06   1.7439291e+05   8.5299574e+05   2.1036877e+06   4.8693224e+05   3.8564102e+05   3.8825110e+05   8.4717372e+05   5.2859370e+05   5.7072496e+05   5.2345090e+05   5.9627720e+05   1.2897352e+06   6.9072284e+05   2.5463310e+05   2.7541614e+05   1.4669988e+06   2.0471433e+06   1.7727359e+05   3.0165044e+05   1.6453474e+06   6.2282504e+05   8.6891444e+05   8.7382046e+04   7.4001695e+05   2.2849172e+05   2.8842687e+05   8.4474720e+05   2.4499891e+05
   1.1511425e+06   2.8767675e+05   1.4808811e+05   1.4353729e+05   8.6313562e+05   1.6675181e+05   3.8564102e+05   2.8455840e+05   1.4258916e+05   1.0219469e+05   1.6830032e+05   1.5905938e+05   2.8762794e+05   7.6622004e+05   6.9072284e+05   1.8617462e+05   2.7541614e+05   1.0356099e+05   2.0471433e+06   1.7727359e+05   3.0165044e+05   1.0155581e+05   6.2282504e+05   6.2178157e+05   8.7382046e+04   8.5567854e+04   1.7225042e+05   1.0102152e+05   3.2920206e+05   1.3610853e+05
   4.3412015e+05   1.6963429e+04   2.3656939e+04   1.4901684e+04   4.4146030e+05   1.4769282e+04   9.0881187e+03   1.6500465e+04   2.8678254e+04   1.7104761e+04   1.7091873e+04   1.7919288e+04   1.4166637e+04   7.9533319e+04   2.2545621e+05   1.2928835e+04   2.7541614e+05   7.9757811e+03   2.1980474e+05   2.2442890e+04   2.2214758e+05   2.9370321e+04   5.2807413e+05   2.4581933e+04   2.1515820e+04   1.1517565e+04   1.6128370e+04   1.0772234e+04   7.1886012e+03   2.2963847e+04
   8.3035955e+04   9.9574666e+02   1.1429851e+03   1.0656297e+03   7.9251969e+04   9.1684406e+02   1.4216401e+03   9.1031254e+02   1.3195309e+03   7.7025052e+02   8.8521725e+02   8.3413859e+02   1.1843025e+03   6.1494045e+04   1.4412500e+05   7.7475854e+02   1.0716373e+05   8.7705091e+02   1.6034010e+05   1.1676212e+03   5.2405943e+04   1.0085009e+03   1.7542939e+04   1.2679502e+03   8.6075638e+02   7.7008351e+02   7.6594787e+02   9.4972443e+02   9.1374193e+02   1.0228114e+03
   3.6114709e+02   1.3602751e+00   1.1906583e+02   1.1917014e+02   1.2082638e+02   1.3057578e+02   1.1982245e+02   1.3016797e+02   4.4653496e+00   3.6320841e+00   1.2112661e+00   1.1227124e+00   1.2235951e+02   6.5396929e+02   1.1349688e+00   9.6641508e-01   1.3590825e+00   9.5531194e-01   2.1894162e+02   1.2630605e+00   3.7317141e+02   1.2208287e+02   6.8635309e+02   7.0171524e-01   1.3010889e+02   2.6384488e+00   1.2056233e+01   1.3844611e+01   1.1998250e+00   1.3065559e+02
