   2.4279790e+10   1.7843348e+10   1.8569775e+10   2.1896599e+10   2.1810837e+10   1.9016569e+10   1.9915443e+10   9.1554339e+09   2.2747043e+10   2.5555959e+10   1.8354321e+10   1.6468488e+10   1.4458920e+10   1.9857803e+10   1.8554246e+10   2.0665628e+10   2.2484364e+10   1.9867178e+10   1.2251825e+10   1.7843844e+10   2.0326932e+10   1.4958702e+10   2.7093115e+10   2.2623275e+10   2.0626638e+10   2.6446001e+10   1.0463423e+10   2.2672343e+10   1.9232428e+10   1.8269141e+10
   2.4279790e+10   1.7843348e+10   1.8569775e+10   2.1896599e+10   2.1810837e+10   1.9016569e+10   1.9915443e+10   9.1554339e+09   2.2747043e+10   2.5555959e+10   1.8354321e+10   1.6468488e+10   1.4458920e+10   1.9857803e+10   1.8554246e+10   2.0665628e+10   2.2484364e+10   1.9867178e+10   1.2251825e+10   1.7843844e+10   2.0326932e+10   1.4958702e+10   2.7093115e+10   2.2623275e+10   2.0626638e+10   2.6446001e+10   1.0463423e+10   2.2672343e+10   1.9232428e+10   1.8269141e+10
   2.4279790e+10   1.7843348e+10   1.8569775e+10   2.1896599e+10   2.1810837e+10   1.9016569e+10   1.9915443e+10   9.1554339e+09   2.2747043e+10   2.5555959e+10   1.8354321e+10   1.6468488e+10   1.4458920e+10   1.9857803e+10   1.8554246e+10   2.0665628e+10   2.2484364e+10   1.9867178e+10   1.2251825e+10   1.7843844e+10   2.0326932e+10   1.4958702e+10   2.7093115e+10   2.2623275e+10   2.0626638e+10   2.6446001e+10   1.0463423e+10   2.2672343e+10   1.9232428e+10   1.8269141e+10
   2.4279790e+10   1.7843348e+10   1.8569775e+10   2.1896599e+10   2.1810837e+10   1.9016569e+10   1.9915443e+10   9.1554339e+09   2.2747043e+10   2.5555959e+10   1.8354321e+10   1.6468488e+10   1.4458920e+10   1.9857803e+10   1.8554246e+10   2.0665628e+10   2.2484364e+10   1.9867178e+10   1.2251825e+10   1.7843844e+10   2.0326932e+10   1.4958702e+10   2.7093115e+10   2.2623275e+10   2.0626638e+10   2.6446001e+10   1.0463423e+10   2.2672343e+10   1.9232428e+10   1.8269141e+10
   2.4279790e+10   1.7843348e+10   1.8569775e+10   2.1896599e+10   2.1810837e+10   1.9016569e+10   1.9915443e+10   9.1554339e+09   2.2747043e+10   2.5555959e+10   1.8354321e+10   1.6468488e+10   1.4458920e+10   1.9857803e+10   1.8554246e+10   2.0665628e+10   2.2484364e+10   1.9867178e+10   1.2251825e+10   1.7843844e+10   2.0326932e+10   1.4958702e+10   2.7093115e+10   2.2623275e+10   2.0626638e+10   2.6446001e+10   1.0463423e+10   2.2672343e+10   1.9232428e+10   1.8269141e+10
   2.4279790e+10   1.7843348e+10   1.8569775e+10   2.1896599e+10   2.1810837e+10   1.9016569e+10   1.9915443e+10   9.1554339e+09   2.2747043e+10   2.5555959e+10   1.8354321e+10   1.6468488e+10   1.4458920e+10   1.9857803e+10   1.8554246e+10   2.0665628e+10   2.2484364e+10   1.9867178e+10   1.2251825e+10   1.7843844e+10   2.0326932e+10   1.4958702e+10   2.7093115e+10   2.2623275e+10   2.0626638e+10   2.6446001e+10   1.0463423e+10   2.2672343e+10   1.9232428e+10   1.8269141e+10
   2.4279790e+10   1.7843348e+10   1.8569775e+10   2.1896599e+10   2.1810837e+10   1.9016569e+10   1.9915443e+10   9.1554339e+09   2.2747043e+10   2.5555959e+10   1.8354321e+10   1.6468488e+10   1.4458920e+10   1.9857803e+10   1.8554246e+10   2.0665628e+10   2.2484364e+10   1.9867178e+10   1.2251825e+10   1.7843844e+10   2.0326932e+10   1.4958702e+10   2.7093115e+10   2.2623275e+10   2.0626638e+10   2.6446001e+10   1.0463423e+10   2.2672343e+10   1.9232428e+10   1.8269141e+10
   2.4279790e+10   1.7843348e+10   1.8569775e+10   2.1896599e+10   2.1810837e+10   1.5113688e+10   1.5613295e+10   9.1554339e+09   2.2747043e+10   1.9955366e+10   1.6530201e+10   1.6227886e+10   1.4458920e+10   1.9857803e+10   1.8554246e+10   1.5230421e+10   2.0608810e+10   1.8997046e+10   1.2251825e+10   1.7843844e+10   2.0326932e+10   1.4958702e+10   2.3626352e+10   1.9864422e+10   1.9283607e+10   2.1275064e+10   1.0264743e+10   2.0625696e+10   1.6266368e+10   1.8269141e+10
   2.2938392e+10   1.5168574e+10   1.8085791e+10   1.0682857e+10   2.1810837e+10   1.5113688e+10   1.3303238e+10   9.1554339e+09   1.5808498e+10   1.3788119e+10   1.5560500e+10   1.3472943e+10   1.2868960e+10   1.9336671e+10   1.8554246e+10   1.5230421e+10   2.0608810e+10   1.8997046e+10   1.2251825e+10   1.2769342e+10   1.9989038e+10   1.4958702e+10   1.6520592e+10   1.9462685e+10   1.4063671e+10   1.5110376e+10   1.0264743e+10   1.8070097e+10   1.4585488e+10   1.5141471e+10
   2.0576140e+10   1.3352852e+10   1.1105588e+10   1.0607164e+10   1.7190767e+10   1.3339004e+10   1.3303238e+10   9.1554339e+09   1.2649252e+10   1.3788119e+10   1.5560500e+10   1.2288047e+10   1.2868960e+10   1.9141926e+10   1.7622125e+10   1.3369229e+10   1.9377830e+10   1.4781431e+10   1.2251825e+10   1.0441025e+10   1.6520550e+10   1.3103350e+10   1.6520592e+10   1.6814919e+10   1.4063671e+10   1.2032346e+10   1.0264743e+10   1.3375686e+10   9.8359447e+09   4.5543873e+09
   1.8862028e+10   9.0771264e+09   8.8724570e+09   7.3771986e+09   1.2167511e+10   1.0169240e+10   1.2739955e+10   6.4015744e+09   9.6607977e+09   8.0527245e+09   9.8057135e+09   6.0170013e+09   1.2233774e+10   1.2590338e+10   1.7242533e+10   8.9060949e+09   1.9377830e+10   7.7092064e+09   1.2251825e+10   6.4855038e+09   1.6520550e+10   1.1180697e+10   1.5082658e+10   8.5657637e+09   9.9204932e+09   1.0450526e+10   8.9883996e+09   7.3879296e+09   5.2556608e+09   4.5543873e+09
   1.4536272e+10   5.2428793e+09   5.3598363e+09   5.3188798e+09   9.9817051e+09   2.6374117e+09   5.3167942e+09   4.7546029e+09   4.5323941e+09   3.0052834e+09   4.4602648e+09   2.9876313e+09   5.8019794e+09   1.2208525e+10   1.1827231e+10   4.0269823e+09   1.6278637e+10   5.0476519e+09   1.2251825e+10   4.1883744e+09   1.4442821e+10   5.3531237e+09   1.3624260e+10   2.8685404e+09   5.8912398e+09   5.8308735e+09   4.5193952e+09   4.0772884e+09   3.8008982e+09   4.5543873e+09
   1.1870422e+10   1.0990722e+09   1.7987008e+09   1.8040178e+09   8.9706175e+09   1.5644543e+09   1.9140848e+09   1.6657612e+09   2.2183989e+09   1.4624706e+09   1.0469579e+09   1.0087890e+09   2.4532643e+09   5.9501199e+09   7.9012563e+09   1.5698456e+09   9.4973837e+09   1.5842056e+09   7.6791109e+09   1.7313098e+09   8.1987437e+09   2.3268433e+09   8.1130492e+09   1.2688226e+09   1.7927086e+09   2.2951370e+09   1.4232995e+09   1.0562137e+09   1.3111209e+09   1.1777485e+09
   5.3126640e+09   3.0523381e+08   3.2279540e+08   4.5943710e+08   3.5123648e+09   1.9793894e+08   3.8111752e+08   3.2578598e+08   4.2616027e+08   1.1629597e+08   1.8775420e+08   7.1771295e+07   2.3507812e+08   3.0645129e+09   4.2909504e+09   2.0557788e+08   5.6346179e+09   3.1277220e+08   6.2428807e+09   2.4365624e+08   4.8298202e+09   2.6513754e+08   4.4948353e+09   1.8985334e+08   3.9942424e+08   2.0786333e+08   3.3843564e+08   1.2955859e+08   1.0862583e+08   1.9797953e+08
   8.3629830e+08   1.3998172e+06   3.9874452e+06   4.7951734e+06   8.2750311e+08   1.0737106e+06   3.5972303e+06   2.8105334e+06   4.7966100e+06   6.8685271e+05   7.1308589e+05   5.4473224e+05   2.7459601e+06   9.9973366e+08   7.6978364e+08   1.2100075e+06   6.8240195e+08   3.0452363e+06   6.6047191e+08   2.7456880e+06   9.6250591e+08   4.0443023e+06   7.0737518e+08   1.3061363e+06   1.9997496e+06   5.1345449e+06   3.2975322e+06   9.5901597e+05   1.1000479e+06   1.6023904e+06
   7.3578521e-02   5.0140404e-06   2.1170557e-06   1.7007418e-06   7.3573857e-02   1.5392723e-06   1.6964194e-06   3.8074247e-05   4.9562597e-06   1.9793737e-06   3.3135463e-05   9.8028652e-07   3.1542155e-05   5.2826913e-02   7.3961098e-02   7.5145242e-06   7.3943880e-02   6.5072322e-07   7.2860451e-02   1.1305953e-05   5.5832359e-02   3.3625074e-06   7.3876329e-02   2.4123871e-05   9.7173668e-06   5.4524286e-06   3.0259577e-05   3.3300520e-07   6.1217402e-06   1.3797435e-07
