   3.3913894e+03   3.6085680e+03   3.6996419e+03   3.6653819e+03   3.3674443e+03   3.2952409e+03   3.5645610e+03   3.6785247e+03   3.4775951e+03   3.6272348e+03   3.2794801e+03   3.7273076e+03   3.5379346e+03   3.6854321e+03   3.5225040e+03   3.5427844e+03   3.3548022e+03   3.7454099e+03   3.4082685e+03   3.5320002e+03   3.7980986e+03   3.8223604e+03   3.5508467e+03   3.5052311e+03   3.5416454e+03   3.1611420e+03   2.8618873e+03   3.5699917e+03   3.4719883e+03   3.3197520e+03
   3.3913894e+03   3.6085680e+03   3.6996419e+03   3.6653819e+03   3.3674443e+03   3.2952409e+03   3.5645610e+03   3.6785247e+03   3.4775951e+03   3.6272348e+03   3.2794801e+03   3.7273076e+03   3.5379346e+03   3.6854321e+03   3.5225040e+03   3.5427844e+03   3.3548022e+03   3.7454099e+03   3.4082685e+03   3.5320002e+03   3.7980986e+03   3.8223604e+03   3.5508467e+03   3.5052311e+03   3.5416454e+03   3.1611420e+03   2.8618873e+03   3.5699917e+03   3.4719883e+03   3.3197520e+03
   3.3913894e+03   3.6085680e+03   3.6996419e+03   3.6653819e+03   3.3674443e+03   3.2952409e+03   3.5645610e+03   3.6785247e+03   3.4775951e+03   3.6272348e+03   3.2794801e+03   3.7273076e+03   3.5379346e+03   3.6854321e+03   3.5225040e+03   3.5427844e+03   3.3548022e+03   3.7454099e+03   3.4082685e+03   3.5320002e+03   3.7980986e+03   3.8223604e+03   3.5508467e+03   3.5052311e+03   3.5416454e+03   3.1611420e+03   2.8618873e+03   3.5699917e+03   3.4719883e+03   3.3197520e+03
   3.3913894e+03   3.6085680e+03   3.6996419e+03   3.6653819e+03   3.3674443e+03   3.2952409e+03   3.5645610e+03   3.6785247e+03   3.4775951e+03   3.6272348e+03   3.2794801e+03   3.7273076e+03   3.5379346e+03   3.6854321e+03   3.5225040e+03   3.5427844e+03   3.3548022e+03   3.7454099e+03   3.4082685e+03   3.5320002e+03   3.7980986e+03   3.8223604e+03   3.5508467e+03   3.5052311e+03   3.5416454e+03   3.1611420e+03   2.8618873e+03   3.5699917e+03   3.4719883e+03   3.3197520e+03
   3.3913894e+03   3.6085680e+03   3.6996419e+03   3.6653819e+03   3.3674443e+03   3.2952409e+03   3.5645610e+03   3.6785247e+03   3.4775951e+03   3.6272348e+03   3.2794801e+03   3.7273076e+03   3.5379346e+03   3.6854321e+03   3.5225040e+03   3.5427844e+03   3.3548022e+03   3.7454099e+03   3.4082685e+03   3.5320002e+03   3.7980986e+03   3.8223604e+03   3.5508467e+03   3.5052311e+03   3.5416454e+03   3.1611420e+03   2.8618873e+03   3.5699917e+03   3.4719883e+03   3.3197520e+03
   3.3913894e+03   3.6085680e+03   3.6996419e+03   3.6653819e+03   3.3674443e+03   3.2952409e+03   3.5645610e+03   3.6785247e+03   3.4775951e+03   3.6272348e+03   3.2794801e+03   3.7273076e+03   3.5379346e+03   3.6854321e+03   3.5225040e+03   3.5427844e+03   3.3548022e+03   3.7454099e+03   3.4082685e+03   3.5320002e+03   3.7980986e+03   3.8223604e+03   3.5508467e+03   3.5052311e+03   3.5416454e+03   3.1611420e+03   2.8618873e+03   3.5699917e+03   3.4719883e+03   3.3197520e+03
   3.3913894e+03   3.6085680e+03   3.6996419e+03   3.6653819e+03   3.3674443e+03   3.2952409e+03   3.5645610e+03   3.6785247e+03   3.4775951e+03   3.6272348e+03   3.2794801e+03   3.7273076e+03   3.5379346e+03   3.6854321e+03   3.5225040e+03   3.5427844e+03   3.3548022e+03   3.7454099e+03   3.4082685e+03   3.5320002e+03   3.7980986e+03   3.8223604e+03   3.5508467e+03   3.5052311e+03   3.5416454e+03   3.1611420e+03   2.8618873e+03   3.5699917e+03   3.4719883e+03   3.3197520e+03
   3.3913894e+03   3.6085680e+03   3.6668586e+03   3.5515039e+03   3.3674443e+03   3.2952409e+03   3.5645610e+03   3.4109169e+03   2.9267190e+03   3.6272348e+03   3.2794801e+03   3.2593704e+03   3.5379346e+03   3.4012539e+03   3.2971305e+03   3.4822954e+03   3.3548022e+03   3.7216395e+03   3.4082685e+03   3.5320002e+03   3.7980986e+03   3.0384979e+03   3.2013864e+03   3.3957793e+03   3.0805717e+03   2.8901161e+03   2.8618873e+03   3.5332169e+03   3.4719883e+03   3.3197520e+03
   3.3913894e+03   3.4669097e+03   3.5748898e+03   3.5515039e+03   3.3674443e+03   3.2952409e+03   3.0117088e+03   3.3177207e+03   2.9267190e+03   3.4501076e+03   3.2794801e+03   3.2593704e+03   3.5379346e+03   3.4012539e+03   2.8813346e+03   3.4822954e+03   3.3084642e+03   3.7216395e+03   3.4082685e+03   3.3592430e+03   3.6448598e+03   3.0384979e+03   3.2013864e+03   3.3957793e+03   3.0805717e+03   2.8901161e+03   2.8618873e+03   3.5139092e+03   3.4719883e+03   3.3197520e+03
   3.3860259e+03   2.8336009e+03   3.3346334e+03   3.2982675e+03   3.2574705e+03   3.2952409e+03   3.0117088e+03   3.3005973e+03   2.9267190e+03   3.4501076e+03   3.1173752e+03   3.2593704e+03   3.3711284e+03   3.2000701e+03   2.8813346e+03   3.1910983e+03   2.8117117e+03   3.2910850e+03   3.3388656e+03   2.8712169e+03   2.9295549e+03   2.9541555e+03   3.2013864e+03   3.3070943e+03   3.0198119e+03   2.8901161e+03   2.8618873e+03   3.1143702e+03   3.2913915e+03   2.7910411e+03
   2.8115623e+03   2.5042437e+03   3.0538304e+03   3.1503791e+03   3.1763719e+03   2.9589173e+03   3.0117088e+03   3.0613860e+03   2.9267190e+03   3.0565008e+03   2.9123629e+03   2.7421220e+03   3.2056437e+03   3.2000701e+03   2.6062565e+03   3.1910983e+03   2.8117117e+03   2.2001639e+03   3.1565240e+03   2.8712169e+03   2.9295549e+03   2.9541555e+03   2.7588539e+03   3.2370421e+03   3.0192056e+03   2.8104257e+03   2.8618873e+03   2.9185656e+03   3.1899607e+03   2.7910411e+03
   2.4922739e+03   2.3983146e+03   2.4292097e+03   2.6112222e+03   2.6940876e+03   2.8053584e+03   2.7513835e+03   2.7237835e+03   2.2125246e+03   2.8728087e+03   2.8012555e+03   2.7421220e+03   2.7748909e+03   2.7034452e+03   2.4513426e+03   2.6158644e+03   2.8117117e+03   2.2001639e+03   2.5319973e+03   2.7204777e+03   2.5527179e+03   2.5854810e+03   2.7588539e+03   2.7412558e+03   2.8515309e+03   2.8104257e+03   2.5660414e+03   2.4228775e+03   2.5043564e+03   2.7910411e+03
   2.2346610e+03   2.0233918e+03   2.3231894e+03   2.2385924e+03   2.4608593e+03   2.1780100e+03   2.3405524e+03   2.2703434e+03   2.2125246e+03   2.3940812e+03   2.2503653e+03   2.4667095e+03   2.4051814e+03   1.6031378e+03   2.1016972e+03   2.2535511e+03   2.4759883e+03   2.2001639e+03   2.2409617e+03   2.2104092e+03   2.2240896e+03   2.2762194e+03   2.4756498e+03   2.3767178e+03   2.1906668e+03   2.1016895e+03   2.3707184e+03   2.4228775e+03   2.4112583e+03   1.8542924e+03
   1.8754454e+03   1.7488121e+03   1.5208500e+03   1.8672396e+03   1.8094686e+03   1.9316355e+03   1.9625344e+03   1.5906648e+03   1.8904346e+03   1.8629974e+03   1.8297391e+03   1.8324337e+03   1.8954731e+03   1.6031378e+03   1.7688755e+03   1.8627625e+03   2.1134430e+03   2.0180863e+03   1.9963911e+03   1.9696869e+03   1.9537455e+03   1.8611127e+03   1.7810047e+03   1.9872437e+03   1.5257394e+03   1.8416693e+03   1.7814430e+03   2.1591427e+03   1.7785294e+03   1.8542924e+03
   1.2652256e+03   1.3114238e+03   1.2724352e+03   1.3706243e+03   1.2494038e+03   1.4387486e+03   1.2393148e+03   9.9585400e+02   1.3049015e+03   1.3392965e+03   1.0016394e+03   1.0179730e+03   1.1626811e+03   1.2818119e+03   1.1146709e+03   1.3203742e+03   1.2469235e+03   1.4445427e+03   1.3890001e+03   1.2737761e+03   1.3102890e+03   1.3226302e+03   1.3742064e+03   1.1528140e+03   1.1340502e+03   1.2952785e+03   1.2156764e+03   1.4406414e+03   1.2885263e+03   1.1573454e+03
   3.6468177e+02   2.4167989e+02   2.5378676e+02   1.3109666e+02   1.4522298e+02   2.4847850e+02   2.3635741e+02   2.3589602e+02   3.5341614e+02   3.0395840e+02   1.2923137e+02   4.2796495e+02   2.6733495e+02   2.4843686e+02   1.3341973e+02   1.2890319e+02   1.4341443e+02   1.5012238e+02   2.5196209e+02   1.2890495e+02   2.6839417e+02   2.8146258e+02   3.6985040e+02   5.3316329e+02   6.9966514e+00   3.5772248e+02   2.6834977e+02   2.3413303e+02   3.5463988e+02   2.4725134e+02
