   2.9246736e+03   3.0336073e+03   2.2464173e+03   1.9773220e+03   2.7250753e+03   2.6707183e+03   2.6333803e+03   3.3210173e+03   3.3476686e+03   3.4603289e+03   4.1200435e+03   3.6694439e+03   4.0647324e+03   2.4396892e+03   2.6391291e+03   3.6002791e+03   1.9843874e+03   3.6341894e+03   3.6628797e+03   2.6543290e+03   3.7693856e+03   2.6622618e+03   1.9252680e+03   2.5744417e+03   2.6113663e+03   2.8641964e+03   2.0652226e+03   3.0195217e+03   1.5080836e+03   3.3444993e+03
   2.9246736e+03   3.0336073e+03   2.2464173e+03   1.9773220e+03   2.7250753e+03   2.6707183e+03   2.6333803e+03   3.3210173e+03   3.3476686e+03   3.4603289e+03   4.1200435e+03   3.6694439e+03   4.0647324e+03   2.4396892e+03   2.6391291e+03   3.6002791e+03   1.9843874e+03   3.6341894e+03   3.6628797e+03   2.6543290e+03   3.7693856e+03   2.6622618e+03   1.9252680e+03   2.5744417e+03   2.6113663e+03   2.8641964e+03   2.0652226e+03   3.0195217e+03   1.5080836e+03   3.3444993e+03
   2.9246736e+03   3.0336073e+03   2.2464173e+03   1.9773220e+03   2.7250753e+03   2.6707183e+03   2.6333803e+03   3.3210173e+03   3.3476686e+03   3.4603289e+03   4.1200435e+03   3.6694439e+03   4.0647324e+03   2.4396892e+03   2.6391291e+03   3.6002791e+03   1.9843874e+03   3.6341894e+03   3.6628797e+03   2.6543290e+03   3.7693856e+03   2.6622618e+03   1.9252680e+03   2.5744417e+03   2.6113663e+03   2.8641964e+03   2.0652226e+03   3.0195217e+03   1.5080836e+03   3.3444993e+03
   2.9246736e+03   3.0336073e+03   2.2464173e+03   1.9773220e+03   2.7250753e+03   2.6707183e+03   2.6333803e+03   3.3210173e+03   3.3476686e+03   3.4603289e+03   4.1200435e+03   3.6694439e+03   4.0647324e+03   2.4396892e+03   2.6391291e+03   3.6002791e+03   1.9843874e+03   3.6341894e+03   3.6628797e+03   2.6543290e+03   3.7693856e+03   2.6622618e+03   1.9252680e+03   2.5744417e+03   2.6113663e+03   2.8641964e+03   2.0652226e+03   3.0195217e+03   1.5080836e+03   3.3444993e+03
   2.9246736e+03   3.0336073e+03   2.2464173e+03   1.9773220e+03   2.7250753e+03   2.6707183e+03   2.6333803e+03   3.3210173e+03   3.3476686e+03   3.4603289e+03   4.1200435e+03   3.6694439e+03   4.0647324e+03   2.4396892e+03   2.6391291e+03   3.6002791e+03   1.9843874e+03   3.6341894e+03   3.6628797e+03   2.6543290e+03   3.7693856e+03   2.6622618e+03   1.9252680e+03   2.5744417e+03   2.6113663e+03   2.8641964e+03   2.0652226e+03   3.0195217e+03   1.5080836e+03   3.3444993e+03
   2.9246736e+03   3.0336073e+03   2.2464173e+03   1.9773220e+03   2.7250753e+03   2.6707183e+03   2.6333803e+03   3.3210173e+03   3.3476686e+03   3.4603289e+03   4.1200435e+03   3.6694439e+03   4.0647324e+03   2.4396892e+03   2.6391291e+03   3.6002791e+03   1.9843874e+03   3.6341894e+03   3.6628797e+03   2.6543290e+03   3.7693856e+03   2.6622618e+03   1.9252680e+03   2.5744417e+03   2.6113663e+03   2.8641964e+03   2.0652226e+03   3.0195217e+03   1.5080836e+03   3.3444993e+03
   2.9246736e+03   3.0336073e+03   2.2464173e+03   1.9773220e+03   2.7250753e+03   2.6707183e+03   2.6333803e+03   3.3210173e+03   3.3476686e+03   3.4603289e+03   4.1200435e+03   3.6694439e+03   4.0647324e+03   2.4396892e+03   2.6391291e+03   3.6002791e+03   1.9843874e+03   3.6341894e+03   3.6628797e+03   2.6543290e+03   3.7693856e+03   2.6622618e+03   1.9252680e+03   2.5744417e+03   2.6113663e+03   2.8641964e+03   2.0652226e+03   3.0195217e+03   1.5080836e+03   3.3444993e+03
   2.2343683e+03   2.0600010e+03   2.2464173e+03   1.9773220e+03   1.7982032e+03   2.4341430e+03   2.6333803e+03   3.3210173e+03   2.2527418e+03   2.0569132e+03   2.7711950e+03   3.2633457e+03   3.5700406e+03   1.6771422e+03   2.0073609e+03   3.4782136e+03   1.8113729e+03   3.2554139e+03   1.8323136e+03   2.2503492e+03   2.2996072e+03   2.2214257e+03   1.9252680e+03   2.2734017e+03   1.9294104e+03   2.8641964e+03   2.0652226e+03   1.4586999e+03   1.5080836e+03   2.0333283e+03
   1.6125131e+03   2.0600010e+03   2.2438198e+03   1.9773220e+03   1.7982032e+03   1.5997420e+03   2.2834406e+03   1.9119325e+03   1.8322543e+03   1.7647138e+03   2.1865756e+03   2.4824352e+03   2.3500415e+03   1.6771422e+03   1.6018122e+03   3.1977042e+03   1.6770570e+03   1.3159992e+03   1.8323136e+03   2.2380732e+03   2.1055269e+03   2.1941442e+03   1.9252680e+03   2.2734017e+03   1.9294104e+03   2.6244567e+03   2.0652226e+03   1.4586999e+03   1.4887231e+03   2.0333283e+03
   1.5779004e+03   1.3633429e+03   2.0213953e+03   1.3153256e+03   1.6209754e+03   1.4799770e+03   1.8967535e+03   1.6441827e+03   1.7591887e+03   1.3748962e+03   1.4934340e+03   1.8117045e+03   1.7143197e+03   1.6166763e+03   1.3610742e+03   1.0970014e+03   1.6770570e+03   1.3159992e+03   1.7022196e+03   9.1145967e+02   1.9449418e+03   1.8188528e+03   1.8322917e+03   2.1913060e+03   1.9294104e+03   2.0616333e+03   1.7471200e+03   1.4586999e+03   1.3598200e+03   1.7009307e+03
   1.5779004e+03   1.3633429e+03   1.2504135e+03   1.3153256e+03   1.5529116e+03   1.3580765e+03   1.6084626e+03   1.4801402e+03   1.5647941e+03   1.0736274e+03   1.4466252e+03   1.6392554e+03   1.1440831e+03   1.3679003e+03   1.3610742e+03   1.0970014e+03   1.6770570e+03   1.1834810e+03   1.4270089e+03   8.9747828e+02   1.9449418e+03   1.2575564e+03   1.6181673e+03   1.4331314e+03   9.3061776e+02   1.2797476e+03   1.2267190e+03   1.1710780e+03   1.2316922e+03   1.1399331e+03
   1.5779004e+03   1.1563786e+03   9.9343227e+02   1.0758586e+03   1.4862451e+03   1.2141937e+03   1.1946937e+03   1.0501843e+03   1.1507854e+03   9.6863531e+02   1.1681590e+03   1.1981157e+03   9.8595844e+02   1.3397999e+03   1.3610742e+03   1.0128274e+03   1.5321503e+03   9.2458993e+02   1.4270089e+03   8.9747828e+02   1.7243465e+03   1.0848896e+03   1.0900711e+03   1.1783085e+03   8.3478919e+02   1.0308924e+03   9.9244880e+02   9.8949544e+02   9.7214725e+02   1.0532286e+03
   1.2370548e+03   8.1388012e+02   7.5935882e+02   8.2373937e+02   1.1138679e+03   7.7236011e+02   8.2389680e+02   8.1492420e+02   7.2976040e+02   7.3875109e+02   7.7551658e+02   7.7889105e+02   8.1270957e+02   1.0894142e+03   1.1174384e+03   7.6609467e+02   1.2370974e+03   7.5024906e+02   1.3771000e+03   7.5699524e+02   1.4979758e+03   8.4908294e+02   1.0790370e+03   7.1158111e+02   7.4275351e+02   7.2206762e+02   7.5128280e+02   7.6460251e+02   8.1191094e+02   7.3264252e+02
   9.2683675e+02   6.5404321e+02   6.3022946e+02   6.7377655e+02   9.6382365e+02   6.1414081e+02   6.4421983e+02   6.4526217e+02   6.5079484e+02   6.2675094e+02   6.1317043e+02   6.3649974e+02   5.9141972e+02   8.8454139e+02   8.3081178e+02   6.4019339e+02   9.6140157e+02   6.0150420e+02   9.8063353e+02   6.2524877e+02   9.9461912e+02   6.5419226e+02   1.0021310e+03   6.2894999e+02   6.2098964e+02   6.0619822e+02   6.5553289e+02   6.3901242e+02   6.1878445e+02   6.0942714e+02
   7.1752825e+02   4.9859429e+02   4.5732172e+02   4.7363782e+02   6.4421083e+02   4.4721995e+02   4.6394294e+02   4.7026513e+02   4.5198555e+02   5.5226896e+02   4.4396218e+02   5.1704122e+02   4.3986908e+02   6.8872457e+02   6.3397705e+02   4.9190510e+02   7.4811478e+02   4.9617301e+02   7.6700086e+02   4.5049117e+02   7.7599096e+02   4.5118445e+02   6.8271601e+02   4.6389185e+02   4.9334637e+02   4.4502367e+02   4.3440261e+02   4.6994245e+02   4.8774421e+02   4.4222818e+02
   4.0000004e+02   4.0000000e+02   4.0000000e+02   4.0000000e+02   4.0000003e+02   4.0000000e+02   4.0000000e+02   4.0000000e+02   4.0000000e+02   4.0000000e+02   4.0000000e+02   4.0000000e+02   4.0000000e+02   4.0000001e+02   4.0000001e+02   4.0000000e+02   4.0000005e+02   4.0000000e+02   4.0000000e+02   4.0000000e+02   4.0000003e+02   4.0000000e+02   4.0000000e+02   4.0000000e+02   4.0000000e+02   4.0000000e+02   4.0000000e+02   4.0000000e+02   4.0000000e+02   4.0000000e+02
