   5.3260542e+06   1.5760836e+06   5.9343547e+06   1.0937307e+07   1.3696633e+07   1.0752008e+07   1.4210813e+07   6.4783905e+06   6.2965532e+06   7.4536861e+06   4.1962813e+06   2.5936244e+07   8.2598482e+05   1.5984004e+07   9.1443293e+06   1.1871411e+07   1.1161123e+07   6.5356833e+06   8.2538288e+06   8.6038094e+06   5.8510532e+06   8.9762656e+06   8.9303422e+06   8.1165653e+06   1.3169095e+07   4.9476632e+06   1.5507837e+07   9.7952006e+06   5.7628349e+06   1.7518776e+07
   5.3260542e+06   1.5760836e+06   5.9343547e+06   1.0937307e+07   1.3696633e+07   1.0752008e+07   1.4210813e+07   6.4783905e+06   6.2965532e+06   7.4536861e+06   4.1962813e+06   2.5936244e+07   8.2598482e+05   1.5984004e+07   9.1443293e+06   1.1871411e+07   1.1161123e+07   6.5356833e+06   8.2538288e+06   8.6038094e+06   5.8510532e+06   8.9762656e+06   8.9303422e+06   8.1165653e+06   1.3169095e+07   4.9476632e+06   1.5507837e+07   9.7952006e+06   5.7628349e+06   1.7518776e+07
   5.3260542e+06   1.5760836e+06   5.9343547e+06   1.0937307e+07   1.3696633e+07   1.0752008e+07   1.4210813e+07   6.4783905e+06   6.2965532e+06   7.4536861e+06   4.1962813e+06   2.5936244e+07   8.2598482e+05   1.5984004e+07   9.1443293e+06   1.1871411e+07   1.1161123e+07   6.5356833e+06   8.2538288e+06   8.6038094e+06   5.8510532e+06   8.9762656e+06   8.9303422e+06   8.1165653e+06   1.3169095e+07   4.9476632e+06   1.5507837e+07   9.7952006e+06   5.7628349e+06   1.7518776e+07
   5.3260542e+06   1.5760836e+06   5.9343547e+06   1.0937307e+07   1.3696633e+07   1.0752008e+07   1.4210813e+07   6.4783905e+06   6.2965532e+06   7.4536861e+06   4.1962813e+06   2.5936244e+07   8.2598482e+05   1.5984004e+07   9.1443293e+06   1.1871411e+07   1.1161123e+07   6.5356833e+06   8.2538288e+06   8.6038094e+06   5.8510532e+06   8.9762656e+06   8.9303422e+06   8.1165653e+06   1.3169095e+07   4.9476632e+06   1.5507837e+07   9.7952006e+06   5.7628349e+06   1.7518776e+07
   5.3260542e+06   1.5760836e+06   5.9343547e+06   1.0937307e+07   1.3696633e+07   1.0752008e+07   1.4210813e+07   6.4783905e+06   6.2965532e+06   7.4536861e+06   4.1962813e+06   2.5936244e+07   8.2598482e+05   1.5984004e+07   9.1443293e+06   1.1871411e+07   1.1161123e+07   6.5356833e+06   8.2538288e+06   8.6038094e+06   5.8510532e+06   8.9762656e+06   8.9303422e+06   8.1165653e+06   1.3169095e+07   4.9476632e+06   1.5507837e+07   9.7952006e+06   5.7628349e+06   1.7518776e+07
   5.3260542e+06   1.5760836e+06   5.9343547e+06   1.0937307e+07   1.3696633e+07   1.0752008e+07   1.4210813e+07   6.4783905e+06   6.2965532e+06   7.4536861e+06   4.1962813e+06   2.5936244e+07   8.2598482e+05   1.5984004e+07   9.1443293e+06   1.1871411e+07   1.1161123e+07   6.5356833e+06   8.2538288e+06   8.6038094e+06   5.8510532e+06   8.9762656e+06   8.9303422e+06   8.1165653e+06   1.3169095e+07   4.9476632e+06   1.5507837e+07   9.7952006e+06   5.7628349e+06   1.7518776e+07
   5.3260542e+06   1.5760836e+06   5.9343547e+06   1.0937307e+07   1.3696633e+07   1.0752008e+07   1.4210813e+07   6.4783905e+06   6.2965532e+06   7.4536861e+06   4.1962813e+06   2.5936244e+07   8.2598482e+05   1.5984004e+07   9.1443293e+06   1.1871411e+07   1.1161123e+07   6.5356833e+06   8.2538288e+06   8.6038094e+06   5.8510532e+06   8.9762656e+06   8.9303422e+06   8.1165653e+06   1.3169095e+07   4.9476632e+06   1.5507837e+07   9.7952006e+06   5.7628349e+06   1.7518776e+07
   3.7511680e+06   1.5760836e+06   3.0873596e+06   1.0937307e+07   1.3696633e+07   9.8289060e+06   1.4210813e+07   6.4783905e+06   4.6778756e+06   7.4536861e+06   4.1962813e+06   1.2469440e+07   8.2598482e+05   1.5984004e+07   9.1443293e+06   9.1660927e+06   1.1161123e+07   6.5356833e+06   8.2538288e+06   4.8648879e+06   2.3552219e+06   8.9762656e+06   8.9303422e+06   3.5472739e+06   1.3169095e+07   4.9476632e+06   5.3285825e+06   9.7952006e+06   5.7628349e+06   2.0143180e+06
   3.7511680e+06   1.5760836e+06   2.9132771e+06   2.1610509e+06   5.1037569e+06   9.8289060e+06   1.0625438e+07   2.2214822e+06   4.6778756e+06   7.4536861e+06   4.1962813e+06   1.2119644e+07   8.2598482e+05   1.0668120e+07   5.6009988e+06   9.1660927e+06   1.1161123e+07   4.8582224e+05   8.2538288e+06   4.8648879e+06   2.3552219e+06   8.9762656e+06   8.9303422e+06   3.5472739e+06   9.0326482e+06   4.9476632e+06   5.3285825e+06   7.9201767e+06   5.5101276e+06   2.0143180e+06
   3.7511680e+06   1.5760836e+06   2.2987913e+06   2.1610509e+06   5.1037569e+06   5.5625753e+06   3.1730544e+06   1.6638839e+06   2.5386641e+06   3.3872937e+06   3.7023128e+06   6.3764557e+06   8.2598482e+05   1.0668120e+07   5.6009988e+06   5.0870828e+06   1.1161123e+07   4.8582224e+05   8.2538288e+06   3.5969745e+06   2.3552219e+06   3.6884230e+06   8.9303422e+06   3.5472739e+06   6.9207044e+06   3.7590185e+06   5.3285825e+06   7.9201767e+06   5.5101276e+06   2.0143180e+06
   6.8517752e+05   1.5760836e+06   2.2987913e+06   1.3835604e+06   5.1037569e+06   3.2564133e+06   1.9152461e+06   1.6638839e+06   1.8166907e+06   3.3872937e+06   3.1136325e+06   4.1992684e+06   5.7582638e+05   1.0668120e+07   5.6009988e+06   1.1240953e+06   1.0670690e+07   4.8582224e+05   3.8258516e+06   1.3865537e+06   2.3552219e+06   6.3853808e+05   6.9357057e+06   3.5472739e+06   1.9901444e+06   3.7590185e+06   5.3285825e+06   2.6653166e+06   3.4585657e+06   1.0342416e+06
   6.8517752e+05   7.1422991e+05   1.1278054e+06   6.9214208e+05   9.4908319e+05   1.8702170e+06   8.1365499e+05   1.3260170e+06   3.2506922e+05   6.3135595e+05   9.9274573e+05   8.7767009e+05   5.7582638e+05   5.6014815e+06   3.6489904e+06   1.1240953e+06   3.5358357e+06   4.8582224e+05   3.8258516e+06   7.9084378e+05   6.5806184e+05   6.3853808e+05   1.5868033e+06   1.1851223e+06   9.2865668e+05   8.5570843e+05   9.9455662e+04   8.7185253e+05   5.8345434e+05   8.9445662e+05
   6.8517752e+05   3.8693854e+05   4.6918445e+05   6.5264639e+05   9.4908319e+05   4.5922533e+05   2.5226500e+05   5.9204615e+05   3.2506922e+05   4.3452191e+05   3.8161535e+05   3.4772535e+05   3.2748317e+05   1.5234976e+06   2.2935919e+06   1.5342574e+05   3.5358357e+06   4.0236212e+05   3.2177767e+06   4.1395395e+05   6.5806184e+05   3.6990630e+05   6.5454945e+05   2.8825965e+05   2.3663551e+05   4.7431153e+05   9.9455662e+04   3.6013962e+05   4.0354384e+05   1.2414216e+05
   3.2384295e+05   5.8327902e+04   9.5687282e+04   8.9223515e+04   9.4908319e+05   7.9423891e+04   8.1495159e+04   6.3367707e+04   9.1961855e+04   8.5870228e+04   8.5680384e+04   1.0053546e+05   7.1095072e+04   1.5234976e+06   4.7530727e+05   4.9342455e+04   8.3428129e+05   7.3390598e+04   1.1178887e+06   3.7809813e+04   6.5806184e+05   1.0970459e+05   6.5454945e+05   1.2112048e+05   8.2367516e+04   7.2722954e+04   4.9470409e+04   4.8282519e+04   1.1382047e+05   7.7336652e+04
   3.2168605e+05   1.0627464e+03   1.5585803e+03   2.2757764e+03   2.7608640e+05   1.1546270e+03   1.9218826e+03   1.4577163e+03   1.5672202e+03   1.4924033e+03   1.0217301e+03   7.4883592e+02   2.1470828e+03   3.5843914e+05   1.8267425e+05   1.6239944e+03   5.1744639e+05   1.4356278e+03   2.4789901e+05   1.1637003e+03   2.2228345e+05   1.7178470e+03   3.6182343e+05   1.6644185e+03   9.3111173e+02   1.0339878e+03   1.8770830e+03   1.0405378e+03   1.0822648e+03   1.2117854e+03
   2.3549641e+02   1.5467733e+02   1.5666730e+02   1.4446329e+02   6.5178571e+02   1.3776315e+02   1.4771269e+02   1.4959418e+02   1.5467737e+02   1.5467737e+02   1.5368243e+02   1.6462688e+02   1.4970260e+02   5.9138824e+02   7.4762476e+02   1.7159152e+02   8.0581163e+02   1.4373287e+02   8.6938688e+02   1.5766224e+02   4.5823469e+02   1.5664706e+02   6.2185741e+02   1.5368238e+02   1.4975030e+02   1.5268747e+02   1.4147845e+02   1.3665981e+02   1.5666724e+02   1.4472889e+02
