   9.4154713e+02   7.7994275e+02   8.5991828e+02   1.0985319e+03   7.8218731e+02   1.0605133e+03   9.6068356e+02   7.9665558e+02   9.4346017e+02   9.3306461e+02   6.9556948e+02   7.4589313e+02   8.6203609e+02   6.6874890e+02   8.9489048e+02   9.6882029e+02   1.0219353e+03   9.2778866e+02   9.2122520e+02   1.0775439e+03   1.0887910e+03   1.1374273e+03   7.9811747e+02   9.1991699e+02   1.0411969e+03   8.9923911e+02   9.7859377e+02   8.9910264e+02   1.1120601e+03   9.4363490e+02
   9.4154713e+02   7.7994275e+02   8.5991828e+02   1.0985319e+03   7.8218731e+02   1.0605133e+03   9.6068356e+02   7.9665558e+02   9.4346017e+02   9.3306461e+02   6.9556948e+02   7.4589313e+02   8.6203609e+02   6.6874890e+02   8.9489048e+02   9.6882029e+02   1.0219353e+03   9.2778866e+02   9.2122520e+02   1.0775439e+03   1.0887910e+03   1.1374273e+03   7.9811747e+02   9.1991699e+02   1.0411969e+03   8.9923911e+02   9.7859377e+02   8.9910264e+02   1.1120601e+03   9.4363490e+02
   9.4154713e+02   7.7994275e+02   8.5991828e+02   9.1883120e+02   7.8218731e+02   1.0461213e+03   9.1407313e+02   7.8086593e+02   9.4067597e+02   9.0728076e+02   6.9495851e+02   7.4589313e+02   8.6203609e+02   6.6254944e+02   8.9489048e+02   9.6863628e+02   9.7480771e+02   9.2778866e+02   8.9174967e+02   9.6100641e+02   1.0071069e+03   1.0876087e+03   7.9811747e+02   9.1991699e+02   1.0409613e+03   8.5868459e+02   9.7859377e+02   8.9910264e+02   1.0865997e+03   9.4363490e+02
   8.5266758e+02   7.5501476e+02   8.5560627e+02   9.1883120e+02   7.8218731e+02   1.0231119e+03   9.1407313e+02   5.7339465e+02   8.9355531e+02   9.0728076e+02   6.9495851e+02   7.3142067e+02   8.5409643e+02   6.6254944e+02   8.9489048e+02   8.8382934e+02   6.9969652e+02   9.0999308e+02   8.4625241e+02   9.4976999e+02   8.4735442e+02   9.8508687e+02   7.9811747e+02   9.1991699e+02   1.0152015e+03   8.5868459e+02   9.0337816e+02   8.9910264e+02   1.0431035e+03   8.3423738e+02
   7.7964589e+02   7.5109408e+02   8.5560627e+02   8.9491789e+02   7.5970543e+02   9.2169212e+02   7.7237509e+02   5.6890391e+02   8.6766803e+02   8.8536800e+02   6.7416284e+02   7.3142067e+02   7.1002440e+02   5.4501272e+02   7.9901753e+02   8.7855619e+02   6.9082596e+02   8.3888225e+02   8.3490922e+02   9.3751219e+02   8.3938457e+02   9.4087898e+02   7.7474928e+02   8.1242979e+02   7.9966902e+02   8.2488346e+02   8.7308129e+02   8.9769884e+02   7.4414045e+02   8.3423738e+02
   7.3055768e+02   7.4776303e+02   7.8343029e+02   7.1756726e+02   6.9243138e+02   7.9774225e+02   7.6829540e+02   5.4090742e+02   8.2390854e+02   6.4524122e+02   6.4565038e+02   6.9654517e+02   6.8708521e+02   5.4501272e+02   7.8696163e+02   8.0614111e+02   6.6747853e+02   7.7052164e+02   6.2229735e+02   7.1636536e+02   7.9510967e+02   7.3789369e+02   7.7474928e+02   7.6047871e+02   7.5836627e+02   6.4273177e+02   7.4519359e+02   7.2891913e+02   7.0796843e+02   8.0970517e+02
   6.1328493e+02   5.9379692e+02   6.9317995e+02   6.1528939e+02   6.5411460e+02   5.8596701e+02   5.7522107e+02   5.2794239e+02   6.4339355e+02   6.4464813e+02   5.9970546e+02   5.5607076e+02   6.1969862e+02   4.9094901e+02   6.3416765e+02   6.3620094e+02   6.3423390e+02   6.3496410e+02   5.6713193e+02   6.1278119e+02   6.8911519e+02   5.6797851e+02   6.4039484e+02   6.0228257e+02   6.3546532e+02   4.8542495e+02   6.9459578e+02   5.2187333e+02   4.8377024e+02   7.2665343e+02
   4.3908683e+02   5.0617713e+02   4.4319977e+02   5.1022821e+02   4.7607309e+02   5.0083227e+02   4.4069998e+02   4.0872859e+02   5.5208506e+02   5.0701959e+02   4.6257786e+02   5.1477749e+02   5.4419343e+02   4.4350170e+02   4.7238677e+02   4.6937995e+02   5.7954939e+02   4.8429591e+02   4.4827946e+02   5.2600938e+02   5.4062521e+02   4.7753984e+02   3.5610049e+02   4.7381824e+02   4.7422236e+02   4.4007786e+02   5.7094936e+02   4.9648528e+02   4.7221646e+02   5.6301460e+02
   4.0375539e+02   3.5991033e+02   3.9233045e+02   4.2148132e+02   3.5400734e+02   3.9579516e+02   4.0401284e+02   3.7226918e+02   4.3096147e+02   4.1404200e+02   3.5725072e+02   4.1028123e+02   3.9246741e+02   4.1555722e+02   3.7200621e+02   3.8846267e+02   4.3581339e+02   3.7998571e+02   4.0205560e+02   3.8620160e+02   4.1379231e+02   3.5996602e+02   3.3407154e+02   3.5601677e+02   3.6015707e+02   3.7983006e+02   4.0291648e+02   4.0463775e+02   3.6661750e+02   3.5887489e+02
   3.1481094e+02   3.0981147e+02   3.1762760e+02   3.0914556e+02   3.0047063e+02   3.2436428e+02   3.2339540e+02   3.0895949e+02   3.0288818e+02   3.2495904e+02   3.1219691e+02   3.1749359e+02   3.1716261e+02   3.1007248e+02   3.1521931e+02   3.0711755e+02   3.1814708e+02   3.1703993e+02   3.1084226e+02   3.3092316e+02   3.3152016e+02   3.0737498e+02   3.1198875e+02   2.9999130e+02   3.0835967e+02   3.0057441e+02   3.1517953e+02   3.1902720e+02   3.1926658e+02   3.0950373e+02
   2.6928277e+02   2.7560198e+02   2.7017366e+02   2.7483841e+02   2.7181802e+02   2.7199205e+02   2.7609858e+02   2.7011740e+02   2.6994655e+02   2.7336356e+02   2.6825931e+02   2.6509626e+02   2.8124325e+02   2.7593795e+02   2.7636930e+02   2.7837496e+02   2.7208614e+02   2.6144466e+02   2.7432229e+02   2.7690475e+02   2.7854869e+02   2.7625677e+02   2.7378930e+02   2.7111506e+02   2.7126211e+02   2.7828684e+02   2.7353570e+02   2.6682860e+02   2.7104852e+02   2.6241789e+02
   2.5526253e+02   2.5494427e+02   2.4581450e+02   2.4991335e+02   2.5026813e+02   2.5432776e+02   2.5186246e+02   2.5035997e+02   2.4774661e+02   2.5466435e+02   2.4910198e+02   2.5074312e+02   2.5544616e+02   2.4998172e+02   2.5510494e+02   2.5201674e+02   2.5141429e+02   2.5615511e+02   2.5156716e+02   2.5610507e+02   2.5055729e+02   2.5070526e+02   2.5524646e+02   2.4892644e+02   2.5540217e+02   2.5429006e+02   2.5051778e+02   2.4401648e+02   2.5338411e+02   2.5121010e+02
   2.4599859e+02   2.4442917e+02   2.4286153e+02   2.4409111e+02   2.4766187e+02   2.4428645e+02   2.4641905e+02   2.4329975e+02   2.3788957e+02   2.4626370e+02   2.3954142e+02   2.4171084e+02   2.4687926e+02   2.4072031e+02   2.4255776e+02   2.4499875e+02   2.4167055e+02   2.4254259e+02   2.4533644e+02   2.4412046e+02   2.4209886e+02   2.4127544e+02   2.4391425e+02   2.4374257e+02   2.4743832e+02   2.4385893e+02   2.4231461e+02   2.3998765e+02   2.4029666e+02   2.4415351e+02
   2.4015976e+02   2.4127579e+02   2.3952319e+02   2.4058409e+02   2.3869336e+02   2.4220841e+02   2.4349590e+02   2.3908531e+02   2.3643059e+02   2.4209914e+02   2.3541196e+02   2.4038681e+02   2.4106601e+02   2.3955839e+02   2.4055986e+02   2.4074337e+02   2.3845982e+02   2.3990658e+02   2.4026397e+02   2.4207662e+02   2.3766167e+02   2.3903013e+02   2.3893525e+02   2.3936839e+02   2.4226579e+02   2.3485119e+02   2.3731577e+02   2.3686351e+02   2.3906334e+02   2.4128039e+02
   2.3551098e+02   2.3161940e+02   2.3320748e+02   2.3505503e+02   2.3483869e+02   2.3410948e+02   2.3636724e+02   2.3086974e+02   2.3512287e+02   2.3685519e+02   2.3146699e+02   2.3376055e+02   2.3577745e+02   2.3317057e+02   2.3782677e+02   2.3547583e+02   2.3277987e+02   2.3466805e+02   2.3732301e+02   2.3565044e+02   2.3268399e+02   2.3670676e+02   2.3610280e+02   2.3442556e+02   2.3664381e+02   2.3263499e+02   2.3411275e+02   2.3313352e+02   2.3569733e+02   2.3798210e+02
   2.3190531e+02   2.3028104e+02   2.3122309e+02   2.3184805e+02   2.3357581e+02   2.3138170e+02   2.3116974e+02   2.2971740e+02   2.3393688e+02   2.3113321e+02   2.2965797e+02   2.3065755e+02   2.3138711e+02   2.3129510e+02   2.3518387e+02   2.3193310e+02   2.3081072e+02   2.3061481e+02   2.3365816e+02   2.3163426e+02   2.2864216e+02   2.3290387e+02   2.3251387e+02   2.3275920e+02   2.3287078e+02   2.3138711e+02   2.3184858e+02   2.3186401e+02   2.3542675e+02   2.3449266e+02
