   1.5573874e+08   1.1821559e+08   6.2547592e+07   1.6063609e+08   6.4301837e+07   3.1085029e+08   6.7958700e+07   1.6428205e+08   1.7851030e+08   2.3262662e+08   1.2418784e+08   1.7137767e+08   3.7557105e+07   3.1677029e+08   5.9121107e+07   1.8938655e+08   1.8263162e+08   4.3469008e+07   8.9560707e+07   1.1652106e+08   2.0954286e+08   1.6412256e+08   1.0227495e+08   3.7871426e+08   2.3429146e+08   1.8723216e+08   3.9082722e+08   5.6348521e+07   3.8994608e+08   9.3291530e+07
   1.5535629e+08   1.1821559e+08   5.8369393e+07   1.5127638e+08   6.4301837e+07   1.4607217e+08   3.6713723e+07   1.6428205e+08   1.7851029e+08   2.3262659e+08   1.2418784e+08   1.7128856e+08   3.7557051e+07   2.9596045e+08   5.9121103e+07   1.8938655e+08   1.8263162e+08   4.3469008e+07   8.9560706e+07   1.1652106e+08   2.0954286e+08   1.6412256e+08   1.0227495e+08   2.7235554e+08   2.3429146e+08   1.6498754e+08   3.9082722e+08   5.6348519e+07   3.8994608e+08   9.3291530e+07
   1.5535627e+08   9.6861592e+07   5.8369393e+07   1.2034302e+08   6.4301837e+07   1.4179071e+08   2.9260892e+07   1.3934101e+08   1.7851028e+08   1.2972246e+08   7.6835133e+07   4.4144388e+07   2.5279519e+07   1.0802120e+08   1.3178099e+07   1.8528602e+08   5.0847305e+07   3.5416014e+07   8.5414814e+07   8.6286120e+07   7.1227129e+07   3.6671406e+07   1.0227493e+08   8.6229162e+07   1.1933639e+08   3.3089082e+07   1.9218250e+08   5.6348519e+07   2.0873663e+08   9.3291530e+07
   2.2500627e+07   9.6861589e+07   5.8369346e+07   1.2034302e+08   6.1114915e+07   1.3547162e+08   2.9260882e+07   3.0554571e+07   1.7851028e+08   5.4621469e+07   6.1341807e+07   4.4144373e+07   2.5279519e+07   5.4857223e+07   1.2976322e+07   1.1397151e+07   4.6765619e+07   3.5416014e+07   8.5414814e+07   8.2021937e+07   7.0258140e+07   3.6671406e+07   5.7129945e+07   8.6229138e+07   9.0125998e+07   3.3089082e+07   1.9218250e+08   5.6348519e+07   6.6691357e+07   3.8182830e+07
   2.2500626e+07   4.6589937e+07   1.9498570e+07   7.0802567e+06   1.6970456e+07   2.1596133e+07   2.9260873e+07   3.0554571e+07   8.1088727e+06   2.5359538e+07   3.6873518e+07   2.6727408e+07   2.6691206e+06   3.8114452e+07   4.0599539e+05   1.1397151e+07   2.6109426e+07   2.2828551e+07   3.4989039e+07   6.9866008e+07   2.1259514e+07   2.2720352e+07   4.8013470e+07   4.6664574e+07   4.6105064e+07   3.3089055e+07   1.3303247e+08   4.1402580e+07   1.8698732e+07   1.2108387e+07
   7.7055931e+06   1.6152752e+06   9.1247003e+06   7.0802567e+06   1.1423453e+07   2.0301521e+07   4.2475970e+06   2.3318084e+07   3.7004115e+06   3.5050092e+06   3.4290244e+07   6.1420221e+06   9.7010802e+05   2.6698223e+05   4.0599065e+05   1.1218985e+07   1.8510258e+06   2.2828551e+07   5.2080347e+06   4.2688265e+06   9.8700500e+06   1.8271004e+07   1.8824896e+06   7.7417724e+06   4.1353463e+06   1.0774838e+07   3.3955454e+07   7.7158992e+06   6.8102477e+06   3.5303528e+06
   6.4239504e+06   1.6152752e+06   5.8205713e+06   1.9048510e+06   5.4639486e+06   1.7960276e+06   5.8267094e+05   9.9806758e+05   1.8923682e+06   2.4500850e+06   2.8730071e+06   6.1123021e+06   7.0931059e+05   2.6696650e+05   4.0599065e+05   5.0077477e+05   4.1579679e+05   2.4849146e+06   3.1945803e+06   7.3093829e+05   3.0151371e+06   3.0766078e+06   1.7176901e+06   4.4781296e+06   4.1353426e+06   4.8464820e+05   2.1368882e+06   2.7001499e+06   2.5500269e+06   2.7679471e+06
   8.2349798e+04   3.6090290e+05   1.6880239e+05   2.6055354e+05   1.3591985e+05   4.6527021e+04   5.7733577e+05   4.9725653e+05   4.0549278e+04   1.9471668e+04   1.0912717e+06   2.5979506e+05   1.2634405e+05   2.1235526e+05   4.0570190e+05   4.3133827e+05   6.8916940e+04   9.0156256e+04   5.8182259e+05   6.8816138e+05   1.9832636e+05   3.2533870e+05   6.1068676e+05   3.2344639e+05   1.1679952e+06   4.3594996e+05   1.0101624e+06   3.7276079e+05   5.4433555e+05   3.4496945e+05
   3.5427240e+04   5.6496736e+04   3.7125734e+04   9.8820278e+03   1.0048070e+04   3.1037870e+04   3.5322670e+04   3.9413689e+04   4.0529084e+04   1.9461172e+04   1.6281976e+05   1.8695885e+05   1.0904843e+04   1.5387511e+04   1.4163743e+05   1.5202783e+05   6.6438665e+04   7.2216571e+03   5.0761114e+04   9.3792825e+03   8.4382093e+03   4.6524616e+03   6.5178868e+03   9.1748386e+04   3.4637795e+04   6.6937408e+04   1.2855165e+05   2.5724832e+04   7.4560292e+04   2.0615876e+04
   8.1581904e+03   6.1909848e+03   1.8045735e+04   1.1375724e+03   1.1118998e+03   3.3197077e+03   1.0709732e+04   6.2016527e+03   1.0940800e+04   6.2345880e+03   1.4937921e+04   1.5666612e+04   8.3536274e+03   2.7878864e+03   4.1268029e+03   5.2985754e+02   3.4568341e+03   3.4800279e+03   1.5076456e+03   8.4147828e+03   5.2157336e+03   4.6381454e+03   6.4846649e+03   1.9628876e+03   1.5429747e+03   6.7803831e+03   5.5341137e+03   6.2007266e+03   3.8170371e+03   6.7193737e+03
   8.0198347e+02   1.1042005e+03   7.7131746e+02   1.0596953e+03   9.6941185e+02   3.8667281e+02   9.3102406e+02   1.6095971e+03   7.3203824e+02   7.6305823e+02   1.5040711e+03   1.0224254e+03   1.9271012e+03   2.0451295e+03   7.7712375e+02   4.9658777e+02   2.5738689e+03   1.2924889e+03   2.1501073e+02   9.8200221e+02   1.6275413e+03   1.4805692e+03   1.8108888e+03   1.3634354e+03   1.2866327e+03   3.4312898e+03   5.2677522e+02   3.0973856e+03   3.2614920e+03   7.5088560e+02
   7.1298777e+01   6.1730911e+01   1.5723806e+02   3.5729513e+02   1.6980569e+02   1.3080229e+02   1.7848443e+02   2.6021336e+02   2.4797718e+02   1.8915154e+02   3.5594110e+02   1.7718211e+02   6.3112188e+01   1.1408151e+02   1.9897949e+02   1.4395556e+02   1.8277720e+02   1.2484523e+02   1.2012014e+02   3.6026386e+02   3.2254443e+02   1.1878782e+02   4.4284096e+02   3.7148588e+02   3.6685327e+02   2.3115687e+02   2.0058609e+02   4.9259932e+02   1.1045125e+02   2.4593391e+02
   3.0228422e+00   4.6726327e+00   2.7692240e+00   5.5648748e+00   3.9431477e+00   3.7388683e+00   5.9700042e+00   5.8057985e+00   3.0472375e+00   3.9326521e+00   5.7803049e+00   3.6164318e+00   5.0091535e+00   6.0634544e+00   3.8418822e+00   3.6530551e+00   3.4542708e+00   3.5951329e+00   3.5831150e+00   2.6533635e+00   4.7593548e+00   4.2390081e+00   6.7346783e+00   4.3358934e+00   2.4288234e+00   4.5042620e+00   7.0385862e+00   5.1510715e+00   3.8587409e+00   4.7932160e+00
   7.0745722e-01   4.8337086e-01   7.6099813e-01   6.3629129e-01   7.1992050e-01   8.2080537e-01   9.6412684e-01   7.1043553e-01   5.9346229e-01   1.0856851e+00   9.0814104e-01   8.0493515e-01   5.3747475e-01   8.2568338e-01   9.7432179e-01   5.6359881e-01   7.1530003e-01   9.6331326e-01   3.8877008e-01   8.2830666e-01   6.6368688e-01   1.2064303e+00   5.7575657e-01   8.0305201e-01   8.7619364e-01   9.7776049e-01   6.3748128e-01   6.6150770e-01   7.6742247e-01   7.6073013e-01
   1.3850804e-01   9.3976237e-02   1.1517671e-01   2.8160090e-01   1.3098151e-01   1.3888417e-01   2.4948504e-01   1.3201409e-01   5.5370963e-02   1.3798622e-01   7.1551270e-02   2.5871516e-01   7.9147089e-02   3.9734354e-01   1.4513114e-01   1.6467333e-01   3.1388269e-01   1.1891465e-01   6.8429758e-02   3.7303659e-01   3.0710592e-01   1.7983424e-01   1.4415409e-01   2.7140931e-01   2.2309839e-01   2.2465661e-01   1.9813933e-01   1.9086881e-01   2.0439730e-01   2.8970861e-01
   6.9826382e-02   3.0371080e-03   1.4793536e-02   1.4207705e-01   3.4282810e-02   1.3966096e-02   2.0836489e-01   5.4631682e-02   7.2977995e-03   3.3297604e-02   1.3843220e-02   1.8356007e-01   4.7379432e-02   2.9750108e-01   1.7376052e-02   7.9929008e-02   2.4450294e-01   2.7657918e-02   9.0779328e-04   3.3352993e-01   2.5120899e-01   5.2294764e-02   4.8773218e-02   6.5116895e-02   4.4948093e-02   5.0695192e-02   1.3275900e-01   1.2947194e-01   4.7885128e-02   1.2114935e-01
