   1.4357957e+03   1.3033974e+03   1.2774321e+03   1.5051674e+03   1.5614629e+03   1.2314786e+03   1.5136789e+03   1.3442187e+03   1.2374900e+03   1.2606030e+03   1.2606158e+03   1.4227361e+03   1.3160415e+03   8.2393299e+02   1.5118196e+03   1.4984874e+03   1.4123055e+03   1.2619315e+03   1.6537330e+03   1.3146427e+03   1.1958302e+03   1.3425696e+03   1.1126923e+03   1.5272892e+03   1.5126077e+03   1.2789429e+03   1.5027985e+03   9.8935758e+02   1.3069724e+03   1.5918216e+03
   1.4357957e+03   1.3033974e+03   1.2774321e+03   1.5051674e+03   1.5614629e+03   1.2314786e+03   1.5136789e+03   1.3442187e+03   1.2374900e+03   1.2606030e+03   1.2606158e+03   1.4227361e+03   1.3160415e+03   8.2393299e+02   1.5118196e+03   1.4984874e+03   1.4123055e+03   1.2619315e+03   1.6537330e+03   1.3146427e+03   1.1958302e+03   1.3425696e+03   1.1126923e+03   1.5272892e+03   1.5126077e+03   1.2789429e+03   1.5027985e+03   9.8935758e+02   1.3069724e+03   1.5918216e+03
   1.4357957e+03   1.3033974e+03   1.2774321e+03   1.5051674e+03   1.5614629e+03   1.2314786e+03   1.5136789e+03   1.3442187e+03   1.2374900e+03   1.2606030e+03   1.2606158e+03   1.4227361e+03   1.3160415e+03   8.2393299e+02   1.5118196e+03   1.4984874e+03   1.4123055e+03   1.2619315e+03   1.6537330e+03   1.3146427e+03   1.1958302e+03   1.3425696e+03   1.1126923e+03   1.5272892e+03   1.5126077e+03   1.2789429e+03   1.5027985e+03   9.8935758e+02   1.3069724e+03   1.5918216e+03
   1.4357957e+03   1.3033974e+03   1.2774321e+03   1.5051674e+03   1.5614629e+03   1.2314786e+03   1.5136789e+03   1.3442187e+03   1.2374900e+03   1.2606030e+03   1.2606158e+03   1.4227361e+03   1.3160415e+03   8.2393299e+02   1.5118196e+03   1.4984874e+03   1.4123055e+03   1.2619315e+03   1.6537330e+03   1.3146427e+03   1.1958302e+03   1.3425696e+03   1.1126923e+03   1.5272892e+03   1.5126077e+03   1.2789429e+03   1.5027985e+03   9.8935758e+02   1.3069724e+03   1.5918216e+03
   1.4357957e+03   1.3033974e+03   1.2774321e+03   1.5051674e+03   1.5614629e+03   1.2314786e+03   1.5136789e+03   1.3442187e+03   1.2374900e+03   1.2606030e+03   1.2606158e+03   1.4227361e+03   1.3160415e+03   8.2393299e+02   1.5118196e+03   1.4984874e+03   1.4123055e+03   1.2619315e+03   1.6537330e+03   1.3146427e+03   1.1958302e+03   1.3425696e+03   1.1126923e+03   1.5272892e+03   1.5126077e+03   1.2789429e+03   1.5027985e+03   9.8935758e+02   1.3069724e+03   1.5918216e+03
   1.4357957e+03   1.3033974e+03   1.2774321e+03   1.5051674e+03   1.5614629e+03   1.2314786e+03   1.5136789e+03   1.3442187e+03   1.2374900e+03   1.2606030e+03   1.2606158e+03   1.4227361e+03   1.3160415e+03   8.2393299e+02   1.5118196e+03   1.4984874e+03   1.4123055e+03   1.2619315e+03   1.6537330e+03   1.3146427e+03   1.1958302e+03   1.3425696e+03   1.1126923e+03   1.5272892e+03   1.5126077e+03   1.2789429e+03   1.5027985e+03   9.8935758e+02   1.3069724e+03   1.5918216e+03
   1.4357957e+03   1.3033974e+03   1.2774321e+03   1.5051674e+03   1.5614629e+03   1.2314786e+03   1.5136789e+03   1.3442187e+03   1.2374900e+03   1.2606030e+03   1.2606158e+03   1.4227361e+03   1.3160415e+03   8.2393299e+02   1.5118196e+03   1.4984874e+03   1.4123055e+03   1.2619315e+03   1.6537330e+03   1.3146427e+03   1.1958302e+03   1.3425696e+03   1.1126923e+03   1.5272892e+03   1.5126077e+03   1.2789429e+03   1.5027985e+03   9.8935758e+02   1.3069724e+03   1.5918216e+03
   9.8649372e+02   1.2809927e+03   1.2644565e+03   1.3515586e+03   1.1403469e+03   1.2314786e+03   1.3816492e+03   1.3442187e+03   1.2374900e+03   1.2606030e+03   1.0867816e+03   1.2714042e+03   1.3130358e+03   8.2393299e+02   1.4360438e+03   1.3925332e+03   1.3764678e+03   9.1188553e+02   1.0258248e+03   1.3139986e+03   1.1958302e+03   1.2195601e+03   1.1126923e+03   1.3581655e+03   1.1309727e+03   1.2789429e+03   1.5027985e+03   9.8935758e+02   8.6761142e+02   1.4146827e+03
   9.8649372e+02   1.2809927e+03   1.2466788e+03   1.3515586e+03   1.1403469e+03   1.2314786e+03   1.2690699e+03   1.3442187e+03   1.1837645e+03   1.2606030e+03   1.0867816e+03   1.2714042e+03   1.0843706e+03   8.2393299e+02   1.3551895e+03   1.3925332e+03   1.2618415e+03   9.1188553e+02   1.0258248e+03   1.3139986e+03   1.0366486e+03   1.1970352e+03   8.4794092e+02   1.0229084e+03   1.1309727e+03   1.0166621e+03   1.4623855e+03   9.8935758e+02   8.6761142e+02   1.4146827e+03
   9.8649372e+02   1.0127570e+03   1.1247728e+03   1.1812939e+03   8.2929501e+02   1.1564624e+03   1.2675136e+03   8.1344557e+02   1.1637326e+03   1.0668156e+03   1.0505364e+03   1.2353041e+03   9.2923987e+02   8.2393299e+02   1.2033108e+03   1.2519111e+03   1.0096171e+03   9.1188553e+02   1.0258248e+03   1.1820778e+03   1.0366486e+03   1.1970352e+03   8.4794092e+02   1.0229084e+03   1.0453384e+03   9.1257025e+02   7.6371293e+02   9.8935758e+02   8.6761142e+02   1.1969217e+03
   9.6033071e+02   1.0127570e+03   1.0321691e+03   8.7798451e+02   8.2929501e+02   1.1079392e+03   1.0938053e+03   8.1344557e+02   1.1637326e+03   1.0201855e+03   8.8428798e+02   1.0358822e+03   6.9947422e+02   8.2393299e+02   9.4861256e+02   6.6709617e+02   9.2492313e+02   7.5020215e+02   1.0221789e+03   9.6019532e+02   1.0366486e+03   8.2612787e+02   7.3910098e+02   9.5620535e+02   9.3004657e+02   9.1257025e+02   7.6371293e+02   9.8935758e+02   8.6761142e+02   9.3643511e+02
   8.4603281e+02   8.0204440e+02   8.2940518e+02   6.6429025e+02   6.5646065e+02   6.6139485e+02   7.6975936e+02   4.6861047e+02   5.9323865e+02   8.5276071e+02   7.0982528e+02   8.8885010e+02   6.9947422e+02   7.1978839e+02   9.4861256e+02   6.6709617e+02   8.1127408e+02   7.0238507e+02   6.8406968e+02   9.2629565e+02   8.8400712e+02   7.5821566e+02   7.3910098e+02   6.9742079e+02   8.6376280e+02   7.0022088e+02   7.5421309e+02   7.3195663e+02   7.9016590e+02   7.4728552e+02
   6.8821655e+02   7.1755140e+02   6.2157995e+02   6.0436781e+02   6.0495562e+02   6.6139485e+02   6.5971584e+02   4.1447456e+02   5.5625131e+02   2.9104835e+02   5.2170684e+02   6.1088530e+02   6.3839387e+02   6.8528246e+02   5.7636953e+02   3.8425458e+02   6.6580490e+02   5.4828595e+02   5.5455314e+02   6.5101598e+02   5.6131765e+02   5.3291948e+02   6.3785164e+02   4.9195475e+02   5.4488278e+02   6.6728709e+02   3.7266299e+02   6.0723033e+02   6.6490995e+02   4.8631919e+02
   5.2102126e+02   3.0484468e+02   4.9876878e+02   5.5114243e+02   4.5398914e+02   3.6854613e+02   5.8183092e+02   3.4645147e+02   4.4003125e+02   2.9104835e+02   4.0594879e+02   5.0357721e+02   4.9636831e+02   4.5595859e+02   5.1485429e+02   3.4666478e+02   5.2355313e+02   4.8622259e+02   3.1212026e+02   3.8015757e+02   4.7535189e+02   3.2520273e+02   3.9935324e+02   4.8293641e+02   4.2495440e+02   5.0175961e+02   3.7266299e+02   3.9219445e+02   3.8740874e+02   3.8498345e+02
   2.5585874e+02   1.9823694e+02   2.9509405e+02   2.6348338e+02   2.8961219e+02   2.0809165e+02   2.9608832e+02   3.1270338e+02   2.6751275e+02   2.9104835e+02   3.4912958e+02   1.7825513e+02   2.9360486e+02   3.5056211e+02   3.4335587e+02   2.5983621e+02   3.5207775e+02   3.2598729e+02   3.1212026e+02   2.7687899e+02   3.3681790e+02   2.9626842e+02   3.9935324e+02   3.3637309e+02   3.4344480e+02   2.1851287e+02   3.1648982e+02   2.3755672e+02   2.8577420e+02   2.3674466e+02
   1.5496990e+02   5.8946497e+01   3.2476430e+01   4.7833737e+01   1.3691017e+02   5.3040003e+01   2.8856590e+01   3.1592283e+01   4.5307440e+01   3.0301968e+01   1.5141773e+01   3.5371827e+01   3.5330884e+01   1.7060245e+02   4.8091402e+01   7.6333272e+01   3.1790417e+01   3.8139656e+01   4.5480719e+01   5.2133171e+01   5.2332267e+01   3.5504564e+01   3.1409405e+01   4.7836092e+01   3.1251168e+01   3.1944465e+01   1.3759675e+01   5.2985341e+01   3.9465380e+01   1.5116249e+01
